808.8704,0.0043,100.0000
808.8704,0.0043,150.0000
810.2542,0.0000,200.0000
804.8853,0.0000,250.0000
804.8853,0.0000,300.0000
804.8853,0.0000,350.0000
804.5517,0.0000,400.0000
804.1529,0.0000,450.0000
803.5588,0.0000,500.0000
803.5588,0.0000,550.0000
803.2156,0.0000,600.0000
803.0574,0.0000,650.0000
803.0574,0.0000,700.0000
802.8706,0.0000,750.0000
802.1595,0.0000,800.0000
802.1595,0.0000,850.0000
802.0649,0.0000,900.0000
801.9880,0.0000,950.0000
801.6987,0.0000,1000.0000
801.6987,0.0000,1050.0000
801.5015,0.0000,1100.0000
801.5015,0.0000,1150.0000
801.4362,0.0000,1200.0000
801.3617,0.0000,1250.0000
801.3397,0.0000,1300.0000
801.2803,0.0000,1350.0000
801.0987,0.0000,1400.0000
800.9028,0.0000,1450.0000
800.9028,0.0000,1500.0000
800.9028,0.0000,1550.0000
800.9028,0.0000,1600.0000
800.9028,0.0000,1650.0000
800.9028,0.0000,1700.0000
800.8929,0.0000,1750.0000
800.8871,0.0000,1800.0000
800.8660,0.0000,1850.0000
800.8512,0.0000,1900.0000
800.8061,0.0000,1950.0000
800.8061,0.0000,2000.0000
800.7848,0.0000,2050.0000
800.7665,0.0000,2100.0000
800.7665,0.0000,2150.0000
800.7649,0.0000,2200.0000
800.7430,0.0000,2250.0000
800.7430,0.0000,2300.0000
800.7381,0.0000,2350.0000
800.7381,0.0000,2400.0000
800.7128,0.0000,2450.0000
800.7090,0.0000,2500.0000
800.6984,0.0000,2550.0000
800.6879,0.0000,2600.0000
800.6844,0.0000,2650.0000
800.6771,0.0000,2700.0000
800.6747,0.0000,2750.0000
800.6669,0.0000,2800.0000
800.6574,0.0000,2850.0000
800.6466,0.0000,2900.0000
800.6456,0.0000,2950.0000
800.6416,0.0000,3000.0000
800.6409,0.0000,3050.0000
800.6409,0.0000,3100.0000
800.6387,0.0000,3150.0000
800.6387,0.0000,3200.0000
800.6349,0.0000,3250.0000
800.6349,0.0000,3300.0000
800.6316,0.0000,3350.0000
800.6296,0.0000,3400.0000
800.6254,0.0000,3450.0000
800.6249,0.0000,3500.0000
800.6209,0.0000,3550.0000
800.6191,0.0000,3600.0000
800.6165,0.0000,3650.0000
800.6151,0.0000,3700.0000
800.6104,0.0000,3750.0000
800.6104,0.0000,3800.0000
800.6073,0.0000,3850.0000
800.6045,0.0000,3900.0000
800.6038,0.0000,3950.0000
800.6012,0.0000,4000.0000
800.5988,0.0000,4050.0000
800.5968,0.0000,4100.0000
800.5936,0.0000,4150.0000
800.5925,0.0000,4200.0000
800.5879,0.0000,4250.0000
800.5845,0.0000,4300.0000
800.5833,0.0000,4350.0000
800.5775,0.0000,4400.0000
800.5731,0.0000,4450.0000
800.5651,0.0000,4500.0000
800.5578,0.0000,4550.0000
800.5578,0.0000,4600.0000
800.5562,0.0000,4650.0000
800.5557,0.0000,4700.0000
800.5520,0.0000,4750.0000
800.5502,0.0000,4800.0000
800.5477,0.0000,4850.0000
800.5468,0.0000,4900.0000
800.5463,0.0000,4950.0000
800.5463,0.0000,5000.0000
800.5419,0.0000,5050.0000
800.5419,0.0000,5100.0000
800.5409,0.0000,5150.0000
800.5405,0.0000,5200.0000
800.5397,0.0000,5250.0000
800.5384,0.0000,5300.0000
800.5381,0.0000,5350.0000
800.5380,0.0000,5400.0000
800.5369,0.0000,5450.0000
800.5360,0.0000,5500.0000
800.5338,0.0000,5550.0000
800.5314,0.0000,5600.0000
800.5297,0.0000,5650.0000
800.5297,0.0000,5700.0000
800.5297,0.0000,5750.0000
800.5297,0.0000,5800.0000
800.5280,0.0000,5850.0000
800.5255,0.0000,5900.0000
800.5255,0.0000,5950.0000
800.5245,0.0000,6000.0000
800.5223,0.0000,6050.0000
800.5198,0.0000,6100.0000
800.5179,0.0000,6150.0000
800.5164,0.0000,6200.0000
800.5133,0.0000,6250.0000
800.5108,0.0000,6300.0000
800.5108,0.0000,6350.0000
800.5101,0.0000,6400.0000
800.5094,0.0000,6450.0000
800.5092,0.0000,6500.0000
800.5073,0.0000,6550.0000
800.5068,0.0000,6600.0000
800.5056,0.0000,6650.0000
800.5037,0.0000,6700.0000
800.5029,0.0000,6750.0000
800.5022,0.0000,6800.0000
800.5002,0.0000,6850.0000
800.5002,0.0000,6900.0000
800.4997,0.0000,6950.0000
800.4997,0.0000,7000.0000
800.4997,0.0000,7050.0000
800.4985,0.0000,7100.0000
800.4976,0.0000,7150.0000
800.4974,0.0000,7200.0000
800.4962,0.0000,7250.0000
800.4947,0.0000,7300.0000
800.4933,0.0000,7350.0000
800.4921,0.0000,7400.0000
800.4904,0.0000,7450.0000
800.4898,0.0000,7500.0000
800.4884,0.0000,7550.0000
800.4876,0.0000,7600.0000
800.4864,0.0000,7650.0000
800.4844,0.0000,7700.0000
800.4827,0.0000,7750.0000
800.4825,0.0000,7800.0000
800.4825,0.0000,7850.0000
800.4825,0.0000,7900.0000
800.4810,0.0000,7950.0000
800.4810,0.0000,8000.0000
800.4808,0.0000,8050.0000
800.4808,0.0000,8100.0000
800.4806,0.0000,8150.0000
800.4800,0.0000,8200.0000
800.4791,0.0000,8250.0000
800.4779,0.0000,8300.0000
800.4759,0.0000,8350.0000
800.4754,0.0000,8400.0000
800.4717,0.0000,8450.0000
800.4707,0.0000,8500.0000
800.4639,0.0000,8550.0000
800.4639,0.0000,8600.0000
800.4639,0.0000,8650.0000
800.4639,0.0000,8700.0000
800.4639,0.0000,8750.0000
800.4639,0.0000,8800.0000
800.4639,0.0000,8850.0000
800.4624,0.0000,8900.0000
800.4613,0.0000,8950.0000
800.4591,0.0000,9000.0000
800.4591,0.0000,9050.0000
800.4588,0.0000,9100.0000
800.4576,0.0000,9150.0000
800.4550,0.0000,9200.0000
800.4534,0.0000,9250.0000
800.4534,0.0000,9300.0000
800.4532,0.0000,9350.0000
800.4508,0.0000,9400.0000
800.4489,0.0000,9450.0000
800.4448,0.0000,9500.0000
800.4437,0.0000,9550.0000
800.4412,0.0000,9600.0000
800.4412,0.0000,9650.0000
800.4391,0.0000,9700.0000
800.4377,0.0000,9750.0000
800.4363,0.0000,9800.0000
800.4358,0.0000,9850.0000
800.4358,0.0000,9900.0000
800.4358,0.0000,9950.0000
800.4344,0.0000,10000.0000
800.4336,0.0000,10050.0000
800.4323,0.0000,10100.0000
800.4311,0.0000,10150.0000
800.4304,0.0000,10200.0000
800.4291,0.0000,10250.0000
800.4291,0.0000,10300.0000
800.4281,0.0000,10350.0000
800.4281,0.0000,10400.0000
800.4281,0.0000,10450.0000
800.4274,0.0000,10500.0000
800.4269,0.0000,10550.0000
800.4252,0.0000,10600.0000
800.4251,0.0000,10650.0000
800.4244,0.0000,10700.0000
800.4241,0.0000,10750.0000
800.4234,0.0000,10800.0000
800.4231,0.0000,10850.0000
800.4221,0.0000,10900.0000
800.4220,0.0000,10950.0000
800.4219,0.0000,11000.0000
800.4209,0.0000,11050.0000
800.4209,0.0000,11100.0000
800.4209,0.0000,11150.0000
800.4202,0.0000,11200.0000
800.4200,0.0000,11250.0000
800.4199,0.0000,11300.0000
800.4193,0.0000,11350.0000
800.4193,0.0000,11400.0000
800.4193,0.0000,11450.0000
800.4193,0.0000,11500.0000
800.4190,0.0000,11550.0000
800.4190,0.0000,11600.0000
800.4187,0.0000,11650.0000
800.4185,0.0000,11700.0000
800.4185,0.0000,11750.0000
800.4184,0.0000,11800.0000
800.4183,0.0000,11850.0000
800.4183,0.0000,11900.0000
800.4181,0.0000,11950.0000
800.4181,0.0000,12000.0000
800.4180,0.0000,12050.0000
800.4180,0.0000,12100.0000
800.4180,0.0000,12150.0000
800.4179,0.0000,12200.0000
800.4179,0.0000,12250.0000
800.4179,0.0000,12300.0000
800.4179,0.0000,12350.0000
800.4178,0.0000,12400.0000
800.4177,0.0000,12450.0000
800.4177,0.0000,12500.0000
800.4177,0.0000,12550.0000
800.4177,0.0000,12600.0000
800.4175,0.0000,12650.0000
800.4174,0.0000,12700.0000
800.4174,0.0000,12750.0000
800.4173,0.0000,12800.0000
800.4172,0.0000,12850.0000
800.4172,0.0000,12900.0000
800.4170,0.0000,12950.0000
800.4170,0.0000,13000.0000
800.4169,0.0000,13050.0000
800.4168,0.0000,13100.0000
800.4168,0.0000,13150.0000
800.4167,0.0000,13200.0000
800.4167,0.0000,13250.0000
800.4166,0.0000,13300.0000
800.4165,0.0000,13350.0000
800.4165,0.0000,13400.0000
800.4164,0.0000,13450.0000
800.4164,0.0000,13500.0000
800.4164,0.0000,13550.0000
800.4164,0.0000,13600.0000
800.4163,0.0000,13650.0000
800.4163,0.0000,13700.0000
800.4163,0.0000,13750.0000
800.4163,0.0000,13800.0000
800.4163,0.0000,13850.0000
800.4162,0.0000,13900.0000
800.4162,0.0000,13950.0000
800.4162,0.0000,14000.0000
800.4162,0.0000,14050.0000
800.4162,0.0000,14100.0000
800.4162,0.0000,14150.0000
800.4161,0.0000,14200.0000
800.4161,0.0000,14250.0000
800.4161,0.0000,14300.0000
800.4161,0.0000,14350.0000
800.4160,0.0000,14400.0000
800.4160,0.0000,14450.0000
800.4160,0.0000,14500.0000
800.4160,0.0000,14550.0000
800.4160,0.0000,14600.0000
800.4160,0.0000,14650.0000
800.4160,0.0000,14700.0000
800.4160,0.0000,14750.0000
800.4160,0.0000,14800.0000
800.4160,0.0000,14850.0000
800.4160,0.0000,14900.0000
800.4160,0.0000,14950.0000
800.4160,0.0000,15000.0000
800.4160,0.0000,15050.0000
800.4159,0.0000,15100.0000
800.4159,0.0000,15150.0000
800.4159,0.0000,15200.0000
800.4159,0.0000,15250.0000
800.4159,0.0000,15300.0000
800.4159,0.0000,15350.0000
800.4159,0.0000,15400.0000
800.4159,0.0000,15450.0000
800.4158,0.0000,15500.0000
800.4158,0.0000,15550.0000
800.4158,0.0000,15600.0000
800.4158,0.0000,15650.0000
800.4158,0.0000,15700.0000
800.4158,0.0000,15750.0000
800.4158,0.0000,15800.0000
800.4158,0.0000,15850.0000
800.4158,0.0000,15900.0000
800.4157,0.0000,15950.0000
800.4157,0.0000,16000.0000
800.4157,0.0000,16050.0000
800.4157,0.0000,16100.0000
800.4157,0.0000,16150.0000
800.4157,0.0000,16200.0000
800.4157,0.0000,16250.0000
800.4156,0.0000,16300.0000
800.4156,0.0000,16350.0000
800.4156,0.0000,16400.0000
800.4156,0.0000,16450.0000
800.4156,0.0000,16500.0000
800.4156,0.0000,16550.0000
800.4155,0.0000,16600.0000
800.4155,0.0000,16650.0000
800.4155,0.0000,16700.0000
800.4155,0.0000,16750.0000
800.4154,0.0000,16800.0000
800.4154,0.0000,16850.0000
800.4154,0.0000,16900.0000
800.4153,0.0000,16950.0000
800.4153,0.0000,17000.0000
800.4153,0.0000,17050.0000
800.4153,0.0000,17100.0000
800.4153,0.0000,17150.0000
800.4153,0.0000,17200.0000
800.4153,0.0000,17250.0000
800.4152,0.0000,17300.0000
800.4152,0.0000,17350.0000
800.4152,0.0000,17400.0000
800.4152,0.0000,17450.0000
800.4151,0.0000,17500.0000
800.4151,0.0000,17550.0000
800.4151,0.0000,17600.0000
800.4151,0.0000,17650.0000
800.4151,0.0000,17700.0000
800.4151,0.0000,17750.0000
800.4151,0.0000,17800.0000
800.4151,0.0000,17850.0000
800.4151,0.0000,17900.0000
800.4151,0.0000,17950.0000
800.4151,0.0000,18000.0000
800.4151,0.0000,18050.0000
800.4151,0.0000,18100.0000
800.4151,0.0000,18150.0000
800.4151,0.0000,18200.0000
800.4151,0.0000,18250.0000
800.4151,0.0000,18300.0000
800.4151,0.0000,18350.0000
800.4151,0.0000,18400.0000
800.4151,0.0000,18450.0000
800.4151,0.0000,18500.0000
800.4151,0.0000,18550.0000
800.4151,0.0000,18600.0000
800.4151,0.0000,18650.0000
800.4151,0.0000,18700.0000
800.4151,0.0000,18750.0000
800.4151,0.0000,18800.0000
800.4151,0.0000,18850.0000
800.4151,0.0000,18900.0000
800.4150,0.0000,18950.0000
800.4150,0.0000,19000.0000
800.4150,0.0000,19050.0000
800.4150,0.0000,19100.0000
800.4150,0.0000,19150.0000
800.4150,0.0000,19200.0000
800.4150,0.0000,19250.0000
800.4150,0.0000,19300.0000
800.4150,0.0000,19350.0000
800.4150,0.0000,19400.0000
800.4150,0.0000,19450.0000
800.4150,0.0000,19500.0000
800.4150,0.0000,19550.0000
800.4150,0.0000,19600.0000
800.4150,0.0000,19650.0000
800.4150,0.0000,19700.0000
800.4150,0.0000,19750.0000
800.4150,0.0000,19800.0000
800.4150,0.0000,19850.0000
800.4149,0.0000,19900.0000
800.4149,0.0000,19950.0000
800.4149,0.0000,20000.0000
800.4149,0.0000,20050.0000
800.4149,0.0000,20100.0000
800.4149,0.0000,20150.0000
800.4149,0.0000,20200.0000
800.4149,0.0000,20250.0000
800.4149,0.0000,20300.0000
800.4149,0.0000,20350.0000
800.4149,0.0000,20400.0000
800.4149,0.0000,20450.0000
800.4149,0.0000,20500.0000
800.4149,0.0000,20550.0000
800.4149,0.0000,20600.0000
800.4149,0.0000,20650.0000
800.4149,0.0000,20700.0000
800.4149,0.0000,20750.0000
800.4149,0.0000,20800.0000
800.4149,0.0000,20850.0000
800.4149,0.0000,20900.0000
800.4149,0.0000,20950.0000
800.4149,0.0000,21000.0000
800.4149,0.0000,21050.0000
800.4149,0.0000,21100.0000
800.4149,0.0000,21150.0000
800.4149,0.0000,21200.0000
800.4149,0.0000,21250.0000
800.4149,0.0000,21300.0000
800.4149,0.0000,21350.0000
800.4149,0.0000,21400.0000
800.4149,0.0000,21450.0000
800.4149,0.0000,21500.0000
800.4149,0.0000,21550.0000
800.4149,0.0000,21600.0000
800.4149,0.0000,21650.0000
800.4149,0.0000,21700.0000
800.4149,0.0000,21750.0000
800.4149,0.0000,21800.0000
800.4149,0.0000,21850.0000
800.4149,0.0000,21900.0000
800.4148,0.0000,21950.0000
800.4148,0.0000,22000.0000
800.4148,0.0000,22050.0000
800.4148,0.0000,22100.0000
800.4148,0.0000,22150.0000
800.4148,0.0000,22200.0000
800.4148,0.0000,22250.0000
800.4148,0.0000,22300.0000
800.4148,0.0000,22350.0000
800.4148,0.0000,22400.0000
800.4148,0.0000,22450.0000
800.4148,0.0000,22500.0000
800.4148,0.0000,22550.0000
800.4148,0.0000,22600.0000
800.4148,0.0000,22650.0000
800.4148,0.0000,22700.0000
800.4148,0.0000,22750.0000
800.4148,0.0000,22800.0000
800.4148,0.0000,22850.0000
800.4148,0.0000,22900.0000
800.4148,0.0000,22950.0000
800.4148,0.0000,23000.0000
800.4148,0.0000,23050.0000
800.4148,0.0000,23100.0000
800.4148,0.0000,23150.0000
800.4148,0.0000,23200.0000
800.4148,0.0000,23250.0000
800.4148,0.0000,23300.0000
800.4147,0.0000,23350.0000
800.4147,0.0000,23400.0000
800.4147,0.0000,23450.0000
800.4147,0.0000,23500.0000
800.4147,0.0000,23550.0000
800.4147,0.0000,23600.0000
800.4147,0.0000,23650.0000
800.4147,0.0000,23700.0000
800.4147,0.0000,23750.0000
800.4147,0.0000,23800.0000
800.4147,0.0000,23850.0000
800.4147,0.0000,23900.0000
800.4147,0.0000,23950.0000
800.4147,0.0000,24000.0000
800.4147,0.0000,24050.0000
800.4147,0.0000,24100.0000
800.4147,0.0000,24150.0000
800.4147,0.0000,24200.0000
800.4147,0.0000,24250.0000
800.4147,0.0000,24300.0000
800.4147,0.0000,24350.0000
800.4146,0.0000,24400.0000
800.4146,0.0000,24450.0000
800.4146,0.0000,24500.0000
800.4146,0.0000,24550.0000
800.4146,0.0000,24600.0000
800.4146,0.0000,24650.0000
800.4146,0.0000,24700.0000
800.4146,0.0000,24750.0000
800.4146,0.0000,24800.0000
800.4146,0.0000,24850.0000
800.4146,0.0000,24900.0000
800.4146,0.0000,24950.0000
800.4146,0.0000,25000.0000
800.4146,0.0000,25050.0000
800.4146,0.0000,25100.0000
800.4146,0.0000,25150.0000
800.4146,0.0000,25200.0000
800.4146,0.0000,25250.0000
800.4146,0.0000,25300.0000
800.4146,0.0000,25350.0000
800.4146,0.0000,25400.0000
800.4146,0.0000,25450.0000
800.4146,0.0000,25500.0000
800.4146,0.0000,25550.0000
800.4146,0.0000,25600.0000
800.4146,0.0000,25650.0000
800.4146,0.0000,25700.0000
800.4146,0.0000,25750.0000
800.4146,0.0000,25800.0000
800.4146,0.0000,25850.0000
800.4146,0.0000,25900.0000
800.4146,0.0000,25950.0000
800.4146,0.0000,26000.0000
800.4146,0.0000,26050.0000
800.4146,0.0000,26100.0000
800.4146,0.0000,26150.0000
800.4146,0.0000,26200.0000
800.4145,0.0000,26250.0000
800.4145,0.0000,26300.0000
800.4145,0.0000,26350.0000
800.4145,0.0000,26400.0000
800.4145,0.0000,26450.0000
800.4145,0.0000,26500.0000
800.4145,0.0000,26550.0000
800.4145,0.0000,26600.0000
800.4145,0.0000,26650.0000
800.4145,0.0000,26700.0000
800.4145,0.0000,26750.0000
800.4145,0.0000,26800.0000
800.4145,0.0000,26850.0000
800.4145,0.0000,26900.0000
800.4145,0.0000,26950.0000
800.4145,0.0000,27000.0000
800.4145,0.0000,27050.0000
800.4145,0.0000,27100.0000
800.4145,0.0000,27150.0000
800.4145,0.0000,27200.0000
800.4145,0.0000,27250.0000
800.4145,0.0000,27300.0000
800.4145,0.0000,27350.0000
800.4145,0.0000,27400.0000
800.4145,0.0000,27450.0000
800.4145,0.0000,27500.0000
800.4145,0.0000,27550.0000
800.4145,0.0000,27600.0000
800.4145,0.0000,27650.0000
800.4145,0.0000,27700.0000
800.4145,0.0000,27750.0000
800.4145,0.0000,27800.0000
800.4145,0.0000,27850.0000
800.4145,0.0000,27900.0000
800.4145,0.0000,27950.0000
800.4145,0.0000,28000.0000
800.4145,0.0000,28050.0000
800.4145,0.0000,28100.0000
800.4145,0.0000,28150.0000
800.4144,0.0000,28200.0000
800.4144,0.0000,28250.0000
800.4144,0.0000,28300.0000
800.4144,0.0000,28350.0000
800.4144,0.0000,28400.0000
800.4144,0.0000,28450.0000
800.4144,0.0000,28500.0000
800.4144,0.0000,28550.0000
800.4144,0.0000,28600.0000
800.4144,0.0000,28650.0000
800.4144,0.0000,28700.0000
800.4144,0.0000,28750.0000
800.4144,0.0000,28800.0000
800.4144,0.0000,28850.0000
800.4144,0.0000,28900.0000
800.4144,0.0000,28950.0000
800.4144,0.0000,29000.0000
800.4144,0.0000,29050.0000
800.4143,0.0000,29100.0000
800.4143,0.0000,29150.0000
800.4143,0.0000,29200.0000
800.4143,0.0000,29250.0000
800.4143,0.0000,29300.0000
800.4143,0.0000,29350.0000
800.4142,0.0000,29400.0000
800.4142,0.0000,29450.0000
800.4142,0.0000,29500.0000
800.4141,0.0000,29550.0000
800.4141,0.0000,29600.0000
800.4141,0.0000,29650.0000
800.4140,0.0000,29700.0000
800.4140,0.0000,29750.0000
800.4140,0.0000,29800.0000
800.4139,0.0000,29850.0000
800.4139,0.0000,29900.0000
800.4139,0.0000,29950.0000
800.4139,0.0000,30000.0000
800.4138,0.0000,30050.0000
