1128.3060,0.0022,100.0000
1086.5442,0.0000,150.0000
1071.2529,0.0000,200.0000
1071.2529,0.0000,250.0000
1071.2529,0.0000,300.0000
1071.2529,0.0000,350.0000
1069.1357,0.0000,400.0000
1064.6934,0.0000,450.0000
1061.2155,0.0000,500.0000
1060.3117,0.0000,550.0000
1055.6668,0.0000,600.0000
1055.4977,0.0000,650.0000
1052.4160,0.0000,700.0000
1050.1401,0.0000,750.0000
1049.8057,0.0000,800.0000
1049.0286,0.0000,850.0000
1049.0286,0.0000,900.0000
1047.7713,0.0000,950.0000
1047.7212,0.0000,1000.0000
1047.0085,0.0000,1050.0000
1047.0085,0.0000,1100.0000
1046.9825,0.0000,1150.0000
1046.8376,0.0000,1200.0000
1045.5119,0.0000,1250.0000
1044.9300,0.0000,1300.0000
1044.9300,0.0000,1350.0000
1044.2799,0.0000,1400.0000
1044.2799,0.0000,1450.0000
1044.2602,0.0000,1500.0000
1043.9113,0.0000,1550.0000
1043.2250,0.0000,1600.0000
1042.7282,0.0000,1650.0000
1042.1859,0.0000,1700.0000
1042.1859,0.0000,1750.0000
1042.1859,0.0000,1800.0000
1042.1361,0.0000,1850.0000
1041.8716,0.0000,1900.0000
1041.8716,0.0000,1950.0000
1041.8011,0.0000,2000.0000
1041.7520,0.0000,2050.0000
1041.5439,0.0000,2100.0000
1041.5439,0.0000,2150.0000
1041.4299,0.0000,2200.0000
1041.4299,0.0000,2250.0000
1041.3567,0.0000,2300.0000
1041.2969,0.0000,2350.0000
1041.2630,0.0000,2400.0000
1041.2586,0.0000,2450.0000
1041.2442,0.0000,2500.0000
1041.2121,0.0000,2550.0000
1041.1839,0.0000,2600.0000
1041.1377,0.0000,2650.0000
1041.1242,0.0000,2700.0000
1041.0929,0.0000,2750.0000
1041.0619,0.0000,2800.0000
1040.9737,0.0000,2850.0000
1040.9628,0.0000,2900.0000
1040.9187,0.0000,2950.0000
1040.8470,0.0000,3000.0000
1040.7923,0.0000,3050.0000
1040.7897,0.0000,3100.0000
1040.7771,0.0000,3150.0000
1040.7645,0.0000,3200.0000
1040.7383,0.0000,3250.0000
1040.7383,0.0000,3300.0000
1040.7323,0.0000,3350.0000
1040.7276,0.0000,3400.0000
1040.7188,0.0000,3450.0000
1040.7188,0.0000,3500.0000
1040.7188,0.0000,3550.0000
1040.7090,0.0000,3600.0000
1040.7090,0.0000,3650.0000
1040.7049,0.0000,3700.0000
1040.6869,0.0000,3750.0000
1040.6869,0.0000,3800.0000
1040.6869,0.0000,3850.0000
1040.6700,0.0000,3900.0000
1040.6571,0.0000,3950.0000
1040.6571,0.0000,4000.0000
1040.6376,0.0000,4050.0000
1040.6243,0.0000,4100.0000
1040.6161,0.0000,4150.0000
1040.6099,0.0000,4200.0000
1040.6069,0.0000,4250.0000
1040.6013,0.0000,4300.0000
1040.6013,0.0000,4350.0000
1040.5978,0.0000,4400.0000
1040.5878,0.0000,4450.0000
1040.5764,0.0000,4500.0000
1040.5746,0.0000,4550.0000
1040.5681,0.0000,4600.0000
1040.5591,0.0000,4650.0000
1040.5494,0.0000,4700.0000
1040.5466,0.0000,4750.0000
1040.5372,0.0000,4800.0000
1040.5264,0.0000,4850.0000
1040.5185,0.0000,4900.0000
1040.5051,0.0000,4950.0000
1040.4918,0.0000,5000.0000
1040.4886,0.0000,5050.0000
1040.4836,0.0000,5100.0000
1040.4802,0.0000,5150.0000
1040.4711,0.0000,5200.0000
1040.4621,0.0000,5250.0000
1040.4492,0.0000,5300.0000
1040.4254,0.0000,5350.0000
1040.4130,0.0000,5400.0000
1040.4130,0.0000,5450.0000
1040.4121,0.0000,5500.0000
1040.4067,0.0000,5550.0000
1040.3960,0.0000,5600.0000
1040.3935,0.0000,5650.0000
1040.3893,0.0000,5700.0000
1040.3748,0.0000,5750.0000
1040.3541,0.0000,5800.0000
1040.3519,0.0000,5850.0000
1040.3401,0.0000,5900.0000
1040.3401,0.0000,5950.0000
1040.3363,0.0000,6000.0000
1040.3352,0.0000,6050.0000
1040.3328,0.0000,6100.0000
1040.3294,0.0000,6150.0000
1040.3231,0.0000,6200.0000
1040.3231,0.0000,6250.0000
1040.3231,0.0000,6300.0000
1040.3163,0.0000,6350.0000
1040.3163,0.0000,6400.0000
1040.3081,0.0000,6450.0000
1040.3081,0.0000,6500.0000
1040.3081,0.0000,6550.0000
1040.2988,0.0000,6600.0000
1040.2919,0.0000,6650.0000
1040.2900,0.0000,6700.0000
1040.2851,0.0000,6750.0000
1040.2823,0.0000,6800.0000
1040.2788,0.0000,6850.0000
1040.2783,0.0000,6900.0000
1040.2709,0.0000,6950.0000
1040.2703,0.0000,7000.0000
1040.2643,0.0000,7050.0000
1040.2634,0.0000,7100.0000
1040.2618,0.0000,7150.0000
1040.2592,0.0000,7200.0000
1040.2561,0.0000,7250.0000
1040.2504,0.0000,7300.0000
1040.2458,0.0000,7350.0000
1040.2413,0.0000,7400.0000
1040.2393,0.0000,7450.0000
1040.2370,0.0000,7500.0000
1040.2312,0.0000,7550.0000
1040.2247,0.0000,7600.0000
1040.2247,0.0000,7650.0000
1040.2150,0.0000,7700.0000
1040.2094,0.0000,7750.0000
1040.2050,0.0000,7800.0000
1040.2050,0.0000,7850.0000
1040.2035,0.0000,7900.0000
1040.2020,0.0000,7950.0000
1040.2004,0.0000,8000.0000
1040.2004,0.0000,8050.0000
1040.1998,0.0000,8100.0000
1040.1998,0.0000,8150.0000
1040.1990,0.0000,8200.0000
1040.1989,0.0000,8250.0000
1040.1989,0.0000,8300.0000
1040.1988,0.0000,8350.0000
1040.1986,0.0000,8400.0000
1040.1971,0.0000,8450.0000
1040.1945,0.0000,8500.0000
1040.1932,0.0000,8550.0000
1040.1932,0.0000,8600.0000
1040.1921,0.0000,8650.0000
1040.1912,0.0000,8700.0000
1040.1911,0.0000,8750.0000
1040.1905,0.0000,8800.0000
1040.1901,0.0000,8850.0000
1040.1883,0.0000,8900.0000
1040.1882,0.0000,8950.0000
1040.1882,0.0000,9000.0000
1040.1865,0.0000,9050.0000
1040.1856,0.0000,9100.0000
1040.1836,0.0000,9150.0000
1040.1829,0.0000,9200.0000
1040.1826,0.0000,9250.0000
1040.1815,0.0000,9300.0000
1040.1815,0.0000,9350.0000
1040.1804,0.0000,9400.0000
1040.1803,0.0000,9450.0000
1040.1787,0.0000,9500.0000
1040.1787,0.0000,9550.0000
1040.1787,0.0000,9600.0000
1040.1785,0.0000,9650.0000
1040.1777,0.0000,9700.0000
1040.1767,0.0000,9750.0000
1040.1757,0.0000,9800.0000
1040.1747,0.0000,9850.0000
1040.1735,0.0000,9900.0000
1040.1715,0.0000,9950.0000
1040.1696,0.0000,10000.0000
1040.1670,0.0000,10050.0000
1040.1649,0.0000,10100.0000
1040.1624,0.0000,10150.0000
1040.1613,0.0000,10200.0000
1040.1596,0.0000,10250.0000
1040.1593,0.0000,10300.0000
1040.1586,0.0000,10350.0000
1040.1573,0.0000,10400.0000
1040.1573,0.0000,10450.0000
1040.1573,0.0000,10500.0000
1040.1570,0.0000,10550.0000
1040.1570,0.0000,10600.0000
1040.1560,0.0000,10650.0000
1040.1560,0.0000,10700.0000
1040.1552,0.0000,10750.0000
1040.1551,0.0000,10800.0000
1040.1543,0.0000,10850.0000
1040.1541,0.0000,10900.0000
1040.1541,0.0000,10950.0000
1040.1540,0.0000,11000.0000
1040.1538,0.0000,11050.0000
1040.1535,0.0000,11100.0000
1040.1533,0.0000,11150.0000
1040.1526,0.0000,11200.0000
1040.1523,0.0000,11250.0000
1040.1518,0.0000,11300.0000
1040.1514,0.0000,11350.0000
1040.1507,0.0000,11400.0000
1040.1505,0.0000,11450.0000
1040.1503,0.0000,11500.0000
1040.1499,0.0000,11550.0000
1040.1488,0.0000,11600.0000
1040.1485,0.0000,11650.0000
1040.1474,0.0000,11700.0000
1040.1469,0.0000,11750.0000
1040.1455,0.0000,11800.0000
1040.1450,0.0000,11850.0000
1040.1445,0.0000,11900.0000
1040.1436,0.0000,11950.0000
1040.1433,0.0000,12000.0000
1040.1431,0.0000,12050.0000
1040.1426,0.0000,12100.0000
1040.1415,0.0000,12150.0000
1040.1401,0.0000,12200.0000
1040.1401,0.0000,12250.0000
1040.1398,0.0000,12300.0000
1040.1398,0.0000,12350.0000
1040.1383,0.0000,12400.0000
1040.1383,0.0000,12450.0000
1040.1383,0.0000,12500.0000
1040.1382,0.0000,12550.0000
1040.1382,0.0000,12600.0000
1040.1381,0.0000,12650.0000
1040.1373,0.0000,12700.0000
1040.1363,0.0000,12750.0000
1040.1361,0.0000,12800.0000
1040.1359,0.0000,12850.0000
1040.1356,0.0000,12900.0000
1040.1352,0.0000,12950.0000
1040.1351,0.0000,13000.0000
1040.1348,0.0000,13050.0000
1040.1348,0.0000,13100.0000
1040.1348,0.0000,13150.0000
1040.1345,0.0000,13200.0000
1040.1345,0.0000,13250.0000
1040.1345,0.0000,13300.0000
1040.1343,0.0000,13350.0000
1040.1343,0.0000,13400.0000
1040.1343,0.0000,13450.0000
1040.1343,0.0000,13500.0000
1040.1341,0.0000,13550.0000
1040.1340,0.0000,13600.0000
1040.1333,0.0000,13650.0000
1040.1333,0.0000,13700.0000
1040.1333,0.0000,13750.0000
1040.1331,0.0000,13800.0000
1040.1329,0.0000,13850.0000
1040.1325,0.0000,13900.0000
1040.1321,0.0000,13950.0000
1040.1315,0.0000,14000.0000
1040.1309,0.0000,14050.0000
1040.1300,0.0000,14100.0000
1040.1290,0.0000,14150.0000
1040.1283,0.0000,14200.0000
1040.1282,0.0000,14250.0000
1040.1278,0.0000,14300.0000
1040.1277,0.0000,14350.0000
1040.1277,0.0000,14400.0000
1040.1275,0.0000,14450.0000
1040.1274,0.0000,14500.0000
1040.1273,0.0000,14550.0000
1040.1269,0.0000,14600.0000
1040.1268,0.0000,14650.0000
1040.1266,0.0000,14700.0000
1040.1263,0.0000,14750.0000
1040.1261,0.0000,14800.0000
1040.1258,0.0000,14850.0000
1040.1255,0.0000,14900.0000
1040.1253,0.0000,14950.0000
1040.1253,0.0000,15000.0000
1040.1252,0.0000,15050.0000
1040.1248,0.0000,15100.0000
1040.1247,0.0000,15150.0000
1040.1247,0.0000,15200.0000
1040.1247,0.0000,15250.0000
1040.1242,0.0000,15300.0000
1040.1241,0.0000,15350.0000
1040.1239,0.0000,15400.0000
1040.1235,0.0000,15450.0000
1040.1233,0.0000,15500.0000
1040.1232,0.0000,15550.0000
1040.1231,0.0000,15600.0000
1040.1230,0.0000,15650.0000
1040.1229,0.0000,15700.0000
1040.1228,0.0000,15750.0000
1040.1226,0.0000,15800.0000
1040.1222,0.0000,15850.0000
1040.1220,0.0000,15900.0000
1040.1218,0.0000,15950.0000
1040.1214,0.0000,16000.0000
1040.1214,0.0000,16050.0000
1040.1209,0.0000,16100.0000
1040.1205,0.0000,16150.0000
1040.1205,0.0000,16200.0000
1040.1204,0.0000,16250.0000
1040.1202,0.0000,16300.0000
1040.1202,0.0000,16350.0000
1040.1202,0.0000,16400.0000
1040.1202,0.0000,16450.0000
1040.1202,0.0000,16500.0000
1040.1201,0.0000,16550.0000
1040.1200,0.0000,16600.0000
1040.1200,0.0000,16650.0000
1040.1200,0.0000,16700.0000
1040.1199,0.0000,16750.0000
1040.1199,0.0000,16800.0000
1040.1199,0.0000,16850.0000
1040.1198,0.0000,16900.0000
1040.1198,0.0000,16950.0000
1040.1198,0.0000,17000.0000
1040.1197,0.0000,17050.0000
1040.1196,0.0000,17100.0000
1040.1194,0.0000,17150.0000
1040.1194,0.0000,17200.0000
1040.1194,0.0000,17250.0000
1040.1193,0.0000,17300.0000
1040.1193,0.0000,17350.0000
1040.1192,0.0000,17400.0000
1040.1192,0.0000,17450.0000
1040.1190,0.0000,17500.0000
1040.1189,0.0000,17550.0000
1040.1187,0.0000,17600.0000
1040.1187,0.0000,17650.0000
1040.1185,0.0000,17700.0000
1040.1184,0.0000,17750.0000
1040.1182,0.0000,17800.0000
1040.1182,0.0000,17850.0000
1040.1180,0.0000,17900.0000
1040.1179,0.0000,17950.0000
1040.1179,0.0000,18000.0000
1040.1178,0.0000,18050.0000
1040.1176,0.0000,18100.0000
1040.1176,0.0000,18150.0000
1040.1175,0.0000,18200.0000
1040.1174,0.0000,18250.0000
1040.1174,0.0000,18300.0000
1040.1174,0.0000,18350.0000
1040.1173,0.0000,18400.0000
1040.1173,0.0000,18450.0000
1040.1173,0.0000,18500.0000
1040.1172,0.0000,18550.0000
1040.1172,0.0000,18600.0000
1040.1171,0.0000,18650.0000
1040.1171,0.0000,18700.0000
1040.1170,0.0000,18750.0000
1040.1169,0.0000,18800.0000
1040.1169,0.0000,18850.0000
1040.1168,0.0000,18900.0000
1040.1167,0.0000,18950.0000
1040.1166,0.0000,19000.0000
1040.1166,0.0000,19050.0000
1040.1166,0.0000,19100.0000
1040.1166,0.0000,19150.0000
1040.1166,0.0000,19200.0000
1040.1165,0.0000,19250.0000
1040.1165,0.0000,19300.0000
1040.1164,0.0000,19350.0000
1040.1164,0.0000,19400.0000
1040.1164,0.0000,19450.0000
1040.1164,0.0000,19500.0000
1040.1163,0.0000,19550.0000
1040.1162,0.0000,19600.0000
1040.1159,0.0000,19650.0000
1040.1159,0.0000,19700.0000
1040.1159,0.0000,19750.0000
1040.1159,0.0000,19800.0000
1040.1159,0.0000,19850.0000
1040.1159,0.0000,19900.0000
1040.1159,0.0000,19950.0000
1040.1159,0.0000,20000.0000
1040.1159,0.0000,20050.0000
1040.1158,0.0000,20100.0000
1040.1158,0.0000,20150.0000
1040.1158,0.0000,20200.0000
1040.1158,0.0000,20250.0000
1040.1158,0.0000,20300.0000
1040.1158,0.0000,20350.0000
1040.1158,0.0000,20400.0000
1040.1158,0.0000,20450.0000
1040.1158,0.0000,20500.0000
1040.1158,0.0000,20550.0000
1040.1158,0.0000,20600.0000
1040.1158,0.0000,20650.0000
1040.1158,0.0000,20700.0000
1040.1157,0.0000,20750.0000
1040.1157,0.0000,20800.0000
1040.1157,0.0000,20850.0000
1040.1157,0.0000,20900.0000
1040.1157,0.0000,20950.0000
1040.1157,0.0000,21000.0000
1040.1157,0.0000,21050.0000
1040.1157,0.0000,21100.0000
1040.1157,0.0000,21150.0000
1040.1157,0.0000,21200.0000
1040.1157,0.0000,21250.0000
1040.1157,0.0000,21300.0000
1040.1157,0.0000,21350.0000
1040.1157,0.0000,21400.0000
1040.1157,0.0000,21450.0000
1040.1157,0.0000,21500.0000
1040.1157,0.0000,21550.0000
1040.1156,0.0000,21600.0000
1040.1156,0.0000,21650.0000
1040.1156,0.0000,21700.0000
1040.1156,0.0000,21750.0000
1040.1156,0.0000,21800.0000
1040.1156,0.0000,21850.0000
1040.1156,0.0000,21900.0000
1040.1156,0.0000,21950.0000
1040.1156,0.0000,22000.0000
1040.1156,0.0000,22050.0000
1040.1155,0.0000,22100.0000
1040.1155,0.0000,22150.0000
1040.1155,0.0000,22200.0000
1040.1155,0.0000,22250.0000
1040.1155,0.0000,22300.0000
1040.1155,0.0000,22350.0000
1040.1155,0.0000,22400.0000
1040.1155,0.0000,22450.0000
1040.1154,0.0000,22500.0000
1040.1154,0.0000,22550.0000
1040.1154,0.0000,22600.0000
1040.1154,0.0000,22650.0000
1040.1153,0.0000,22700.0000
1040.1153,0.0000,22750.0000
1040.1153,0.0000,22800.0000
1040.1153,0.0000,22850.0000
1040.1153,0.0000,22900.0000
1040.1153,0.0000,22950.0000
1040.1152,0.0000,23000.0000
1040.1152,0.0000,23050.0000
1040.1152,0.0000,23100.0000
1040.1152,0.0000,23150.0000
1040.1151,0.0000,23200.0000
1040.1151,0.0000,23250.0000
1040.1150,0.0000,23300.0000
1040.1150,0.0000,23350.0000
1040.1150,0.0000,23400.0000
1040.1150,0.0000,23450.0000
1040.1150,0.0000,23500.0000
1040.1150,0.0000,23550.0000
1040.1149,0.0000,23600.0000
1040.1149,0.0000,23650.0000
1040.1149,0.0000,23700.0000
1040.1149,0.0000,23750.0000
1040.1149,0.0000,23800.0000
1040.1149,0.0000,23850.0000
1040.1149,0.0000,23900.0000
1040.1149,0.0000,23950.0000
1040.1148,0.0000,24000.0000
1040.1148,0.0000,24050.0000
1040.1148,0.0000,24100.0000
1040.1148,0.0000,24150.0000
1040.1147,0.0000,24200.0000
1040.1147,0.0000,24250.0000
1040.1147,0.0000,24300.0000
1040.1144,0.0000,24350.0000
1040.1144,0.0000,24400.0000
1040.1144,0.0000,24450.0000
1040.1144,0.0000,24500.0000
1040.1144,0.0000,24550.0000
1040.1144,0.0000,24600.0000
1040.1143,0.0000,24650.0000
1040.1143,0.0000,24700.0000
1040.1143,0.0000,24750.0000
1040.1142,0.0000,24800.0000
1040.1142,0.0000,24850.0000
1040.1142,0.0000,24900.0000
1040.1142,0.0000,24950.0000
1040.1142,0.0000,25000.0000
1040.1142,0.0000,25050.0000
1040.1142,0.0000,25100.0000
1040.1141,0.0000,25150.0000
1040.1141,0.0000,25200.0000
1040.1141,0.0000,25250.0000
1040.1141,0.0000,25300.0000
1040.1140,0.0000,25350.0000
1040.1140,0.0000,25400.0000
1040.1140,0.0000,25450.0000
1040.1140,0.0000,25500.0000
1040.1140,0.0000,25550.0000
1040.1140,0.0000,25600.0000
1040.1140,0.0000,25650.0000
1040.1139,0.0000,25700.0000
1040.1139,0.0000,25750.0000
1040.1139,0.0000,25800.0000
1040.1139,0.0000,25850.0000
1040.1139,0.0000,25900.0000
1040.1138,0.0000,25950.0000
1040.1138,0.0000,26000.0000
1040.1138,0.0000,26050.0000
1040.1138,0.0000,26100.0000
1040.1138,0.0000,26150.0000
1040.1138,0.0000,26200.0000
1040.1138,0.0000,26250.0000
1040.1137,0.0000,26300.0000
1040.1137,0.0000,26350.0000
1040.1137,0.0000,26400.0000
1040.1136,0.0000,26450.0000
1040.1136,0.0000,26500.0000
1040.1136,0.0000,26550.0000
1040.1135,0.0000,26600.0000
1040.1135,0.0000,26650.0000
1040.1135,0.0000,26700.0000
1040.1135,0.0000,26750.0000
1040.1134,0.0000,26800.0000
1040.1134,0.0000,26850.0000
1040.1134,0.0000,26900.0000
1040.1134,0.0000,26950.0000
1040.1134,0.0000,27000.0000
1040.1134,0.0000,27050.0000
1040.1134,0.0000,27100.0000
1040.1134,0.0000,27150.0000
1040.1134,0.0000,27200.0000
1040.1134,0.0000,27250.0000
1040.1134,0.0000,27300.0000
1040.1134,0.0000,27350.0000
1040.1134,0.0000,27400.0000
1040.1134,0.0000,27450.0000
1040.1134,0.0000,27500.0000
1040.1134,0.0000,27550.0000
1040.1134,0.0000,27600.0000
1040.1134,0.0000,27650.0000
1040.1133,0.0000,27700.0000
1040.1133,0.0000,27750.0000
1040.1133,0.0000,27800.0000
1040.1133,0.0000,27850.0000
1040.1133,0.0000,27900.0000
1040.1133,0.0000,27950.0000
1040.1133,0.0000,28000.0000
1040.1133,0.0000,28050.0000
1040.1133,0.0000,28100.0000
1040.1133,0.0000,28150.0000
1040.1133,0.0000,28200.0000
1040.1133,0.0000,28250.0000
1040.1133,0.0000,28300.0000
1040.1133,0.0000,28350.0000
1040.1133,0.0000,28400.0000
1040.1133,0.0000,28450.0000
1040.1133,0.0000,28500.0000
1040.1133,0.0000,28550.0000
1040.1133,0.0000,28600.0000
1040.1133,0.0000,28650.0000
1040.1133,0.0000,28700.0000
1040.1133,0.0000,28750.0000
1040.1133,0.0000,28800.0000
1040.1133,0.0000,28850.0000
1040.1133,0.0000,28900.0000
1040.1133,0.0000,28950.0000
1040.1133,0.0000,29000.0000
1040.1133,0.0000,29050.0000
1040.1133,0.0000,29100.0000
1040.1133,0.0000,29150.0000
1040.1133,0.0000,29200.0000
1040.1133,0.0000,29250.0000
1040.1133,0.0000,29300.0000
1040.1133,0.0000,29350.0000
1040.1133,0.0000,29400.0000
1040.1133,0.0000,29450.0000
1040.1133,0.0000,29500.0000
1040.1133,0.0000,29550.0000
1040.1133,0.0000,29600.0000
1040.1133,0.0000,29650.0000
1040.1133,0.0000,29700.0000
1040.1133,0.0000,29750.0000
1040.1133,0.0000,29800.0000
1040.1133,0.0000,29850.0000
1040.1133,0.0000,29900.0000
1040.1133,0.0000,29950.0000
1040.1133,0.0000,30000.0000
1040.1133,0.0000,30050.0000
