1121.1878,0.0008,100.0000
1099.2203,0.0006,150.0000
1101.9044,0.0000,200.0000
1101.5886,0.0000,250.0000
1082.2787,0.0000,300.0000
1082.2787,0.0000,350.0000
1079.4587,0.0000,400.0000
1074.1754,0.0000,450.0000
1067.5933,0.0000,500.0000
1060.5810,0.0000,550.0000
1060.1290,0.0000,600.0000
1058.4253,0.0000,650.0000
1058.3770,0.0000,700.0000
1058.3770,0.0000,750.0000
1058.3770,0.0000,800.0000
1057.3172,0.0000,850.0000
1055.0647,0.0000,900.0000
1051.6004,0.0000,950.0000
1051.6004,0.0000,1000.0000
1050.2203,0.0000,1050.0000
1049.5777,0.0000,1100.0000
1048.6907,0.0000,1150.0000
1048.6907,0.0000,1200.0000
1048.6907,0.0000,1250.0000
1048.3171,0.0000,1300.0000
1047.3263,0.0000,1350.0000
1046.7784,0.0000,1400.0000
1045.9781,0.0000,1450.0000
1045.9781,0.0000,1500.0000
1045.5722,0.0000,1550.0000
1045.2723,0.0000,1600.0000
1043.8679,0.0000,1650.0000
1043.7979,0.0000,1700.0000
1043.1714,0.0000,1750.0000
1042.6209,0.0000,1800.0000
1042.6209,0.0000,1850.0000
1041.7457,0.0000,1900.0000
1041.6428,0.0000,1950.0000
1041.6428,0.0000,2000.0000
1041.6428,0.0000,2050.0000
1041.6007,0.0000,2100.0000
1041.6007,0.0000,2150.0000
1041.6007,0.0000,2200.0000
1041.2503,0.0000,2250.0000
1041.2503,0.0000,2300.0000
1041.2503,0.0000,2350.0000
1041.2503,0.0000,2400.0000
1041.2503,0.0000,2450.0000
1041.2503,0.0000,2500.0000
1041.1813,0.0000,2550.0000
1041.1283,0.0000,2600.0000
1041.1128,0.0000,2650.0000
1040.9616,0.0000,2700.0000
1040.9435,0.0000,2750.0000
1040.9435,0.0000,2800.0000
1040.9435,0.0000,2850.0000
1040.9279,0.0000,2900.0000
1040.9242,0.0000,2950.0000
1040.9177,0.0000,3000.0000
1040.8704,0.0000,3050.0000
1040.8541,0.0000,3100.0000
1040.8541,0.0000,3150.0000
1040.8466,0.0000,3200.0000
1040.8447,0.0000,3250.0000
1040.8104,0.0000,3300.0000
1040.8104,0.0000,3350.0000
1040.8089,0.0000,3400.0000
1040.8089,0.0000,3450.0000
1040.8085,0.0000,3500.0000
1040.7924,0.0000,3550.0000
1040.7897,0.0000,3600.0000
1040.7876,0.0000,3650.0000
1040.7803,0.0000,3700.0000
1040.7620,0.0000,3750.0000
1040.7620,0.0000,3800.0000
1040.7523,0.0000,3850.0000
1040.7379,0.0000,3900.0000
1040.7054,0.0000,3950.0000
1040.6939,0.0000,4000.0000
1040.6719,0.0000,4050.0000
1040.6706,0.0000,4100.0000
1040.6403,0.0000,4150.0000
1040.6369,0.0000,4200.0000
1040.5970,0.0000,4250.0000
1040.5957,0.0000,4300.0000
1040.5653,0.0000,4350.0000
1040.5545,0.0000,4400.0000
1040.5466,0.0000,4450.0000
1040.5466,0.0000,4500.0000
1040.5324,0.0000,4550.0000
1040.5162,0.0000,4600.0000
1040.5151,0.0000,4650.0000
1040.5114,0.0000,4700.0000
1040.5049,0.0000,4750.0000
1040.4868,0.0000,4800.0000
1040.4863,0.0000,4850.0000
1040.4721,0.0000,4900.0000
1040.4675,0.0000,4950.0000
1040.4675,0.0000,5000.0000
1040.4647,0.0000,5050.0000
1040.4526,0.0000,5100.0000
1040.4451,0.0000,5150.0000
1040.4394,0.0000,5200.0000
1040.4269,0.0000,5250.0000
1040.4269,0.0000,5300.0000
1040.4264,0.0000,5350.0000
1040.4259,0.0000,5400.0000
1040.4152,0.0000,5450.0000
1040.4096,0.0000,5500.0000
1040.4096,0.0000,5550.0000
1040.4039,0.0000,5600.0000
1040.3846,0.0000,5650.0000
1040.3846,0.0000,5700.0000
1040.3846,0.0000,5750.0000
1040.3846,0.0000,5800.0000
1040.3759,0.0000,5850.0000
1040.3656,0.0000,5900.0000
1040.3587,0.0000,5950.0000
1040.3552,0.0000,6000.0000
1040.3533,0.0000,6050.0000
1040.3455,0.0000,6100.0000
1040.3392,0.0000,6150.0000
1040.3350,0.0000,6200.0000
1040.3350,0.0000,6250.0000
1040.3350,0.0000,6300.0000
1040.3326,0.0000,6350.0000
1040.3317,0.0000,6400.0000
1040.3303,0.0000,6450.0000
1040.3266,0.0000,6500.0000
1040.3256,0.0000,6550.0000
1040.3238,0.0000,6600.0000
1040.3227,0.0000,6650.0000
1040.3218,0.0000,6700.0000
1040.3210,0.0000,6750.0000
1040.3208,0.0000,6800.0000
1040.3187,0.0000,6850.0000
1040.3187,0.0000,6900.0000
1040.3187,0.0000,6950.0000
1040.3181,0.0000,7000.0000
1040.3181,0.0000,7050.0000
1040.3181,0.0000,7100.0000
1040.3178,0.0000,7150.0000
1040.3173,0.0000,7200.0000
1040.3172,0.0000,7250.0000
1040.3166,0.0000,7300.0000
1040.3161,0.0000,7350.0000
1040.3161,0.0000,7400.0000
1040.3156,0.0000,7450.0000
1040.3153,0.0000,7500.0000
1040.3149,0.0000,7550.0000
1040.3141,0.0000,7600.0000
1040.3141,0.0000,7650.0000
1040.3137,0.0000,7700.0000
1040.3134,0.0000,7750.0000
1040.3123,0.0000,7800.0000
1040.3113,0.0000,7850.0000
1040.3106,0.0000,7900.0000
1040.3101,0.0000,7950.0000
1040.3086,0.0000,8000.0000
1040.3073,0.0000,8050.0000
1040.3068,0.0000,8100.0000
1040.3063,0.0000,8150.0000
1040.3054,0.0000,8200.0000
1040.3054,0.0000,8250.0000
1040.3052,0.0000,8300.0000
1040.3039,0.0000,8350.0000
1040.3025,0.0000,8400.0000
1040.3021,0.0000,8450.0000
1040.3003,0.0000,8500.0000
1040.3003,0.0000,8550.0000
1040.2982,0.0000,8600.0000
1040.2981,0.0000,8650.0000
1040.2981,0.0000,8700.0000
1040.2972,0.0000,8750.0000
1040.2965,0.0000,8800.0000
1040.2951,0.0000,8850.0000
1040.2928,0.0000,8900.0000
1040.2926,0.0000,8950.0000
1040.2918,0.0000,9000.0000
1040.2916,0.0000,9050.0000
1040.2900,0.0000,9100.0000
1040.2900,0.0000,9150.0000
1040.2891,0.0000,9200.0000
1040.2883,0.0000,9250.0000
1040.2879,0.0000,9300.0000
1040.2857,0.0000,9350.0000
1040.2849,0.0000,9400.0000
1040.2829,0.0000,9450.0000
1040.2820,0.0000,9500.0000
1040.2809,0.0000,9550.0000
1040.2771,0.0000,9600.0000
1040.2771,0.0000,9650.0000
1040.2749,0.0000,9700.0000
1040.2732,0.0000,9750.0000
1040.2731,0.0000,9800.0000
1040.2727,0.0000,9850.0000
1040.2718,0.0000,9900.0000
1040.2715,0.0000,9950.0000
1040.2705,0.0000,10000.0000
1040.2701,0.0000,10050.0000
1040.2687,0.0000,10100.0000
1040.2675,0.0000,10150.0000
1040.2664,0.0000,10200.0000
1040.2650,0.0000,10250.0000
1040.2650,0.0000,10300.0000
1040.2650,0.0000,10350.0000
1040.2644,0.0000,10400.0000
1040.2632,0.0000,10450.0000
1040.2632,0.0000,10500.0000
1040.2632,0.0000,10550.0000
1040.2623,0.0000,10600.0000
1040.2623,0.0000,10650.0000
1040.2608,0.0000,10700.0000
1040.2600,0.0000,10750.0000
1040.2592,0.0000,10800.0000
1040.2574,0.0000,10850.0000
1040.2571,0.0000,10900.0000
1040.2567,0.0000,10950.0000
1040.2564,0.0000,11000.0000
1040.2560,0.0000,11050.0000
1040.2552,0.0000,11100.0000
1040.2552,0.0000,11150.0000
1040.2549,0.0000,11200.0000
1040.2548,0.0000,11250.0000
1040.2543,0.0000,11300.0000
1040.2542,0.0000,11350.0000
1040.2541,0.0000,11400.0000
1040.2539,0.0000,11450.0000
1040.2537,0.0000,11500.0000
1040.2522,0.0000,11550.0000
1040.2520,0.0000,11600.0000
1040.2516,0.0000,11650.0000
1040.2516,0.0000,11700.0000
1040.2513,0.0000,11750.0000
1040.2513,0.0000,11800.0000
1040.2513,0.0000,11850.0000
1040.2510,0.0000,11900.0000
1040.2507,0.0000,11950.0000
1040.2507,0.0000,12000.0000
1040.2498,0.0000,12050.0000
1040.2498,0.0000,12100.0000
1040.2498,0.0000,12150.0000
1040.2498,0.0000,12200.0000
1040.2497,0.0000,12250.0000
1040.2493,0.0000,12300.0000
1040.2491,0.0000,12350.0000
1040.2490,0.0000,12400.0000
1040.2484,0.0000,12450.0000
1040.2477,0.0000,12500.0000
1040.2477,0.0000,12550.0000
1040.2474,0.0000,12600.0000
1040.2468,0.0000,12650.0000
1040.2466,0.0000,12700.0000
1040.2464,0.0000,12750.0000
1040.2456,0.0000,12800.0000
1040.2455,0.0000,12850.0000
1040.2452,0.0000,12900.0000
1040.2452,0.0000,12950.0000
1040.2448,0.0000,13000.0000
1040.2444,0.0000,13050.0000
1040.2444,0.0000,13100.0000
1040.2442,0.0000,13150.0000
1040.2441,0.0000,13200.0000
1040.2437,0.0000,13250.0000
1040.2432,0.0000,13300.0000
1040.2428,0.0000,13350.0000
1040.2423,0.0000,13400.0000
1040.2418,0.0000,13450.0000
1040.2412,0.0000,13500.0000
1040.2406,0.0000,13550.0000
1040.2393,0.0000,13600.0000
1040.2393,0.0000,13650.0000
1040.2384,0.0000,13700.0000
1040.2384,0.0000,13750.0000
1040.2378,0.0000,13800.0000
1040.2366,0.0000,13850.0000
1040.2358,0.0000,13900.0000
1040.2351,0.0000,13950.0000
1040.2340,0.0000,14000.0000
1040.2339,0.0000,14050.0000
1040.2329,0.0000,14100.0000
1040.2326,0.0000,14150.0000
1040.2317,0.0000,14200.0000
1040.2312,0.0000,14250.0000
1040.2297,0.0000,14300.0000
1040.2290,0.0000,14350.0000
1040.2270,0.0000,14400.0000
1040.2258,0.0000,14450.0000
1040.2242,0.0000,14500.0000
1040.2241,0.0000,14550.0000
1040.2225,0.0000,14600.0000
1040.2204,0.0000,14650.0000
1040.2187,0.0000,14700.0000
1040.2176,0.0000,14750.0000
1040.2163,0.0000,14800.0000
1040.2163,0.0000,14850.0000
1040.2157,0.0000,14900.0000
1040.2157,0.0000,14950.0000
1040.2154,0.0000,15000.0000
1040.2149,0.0000,15050.0000
1040.2139,0.0000,15100.0000
1040.2139,0.0000,15150.0000
1040.2137,0.0000,15200.0000
1040.2137,0.0000,15250.0000
1040.2135,0.0000,15300.0000
1040.2135,0.0000,15350.0000
1040.2130,0.0000,15400.0000
1040.2122,0.0000,15450.0000
1040.2122,0.0000,15500.0000
1040.2122,0.0000,15550.0000
1040.2122,0.0000,15600.0000
1040.2119,0.0000,15650.0000
1040.2117,0.0000,15700.0000
1040.2108,0.0000,15750.0000
1040.2100,0.0000,15800.0000
1040.2097,0.0000,15850.0000
1040.2095,0.0000,15900.0000
1040.2089,0.0000,15950.0000
1040.2089,0.0000,16000.0000
1040.2083,0.0000,16050.0000
1040.2075,0.0000,16100.0000
1040.2059,0.0000,16150.0000
1040.2054,0.0000,16200.0000
1040.2051,0.0000,16250.0000
1040.2046,0.0000,16300.0000
1040.2046,0.0000,16350.0000
1040.2040,0.0000,16400.0000
1040.2035,0.0000,16450.0000
1040.2034,0.0000,16500.0000
1040.2034,0.0000,16550.0000
1040.2034,0.0000,16600.0000
1040.2032,0.0000,16650.0000
1040.2032,0.0000,16700.0000
1040.2032,0.0000,16750.0000
1040.2031,0.0000,16800.0000
1040.2031,0.0000,16850.0000
1040.2029,0.0000,16900.0000
1040.2027,0.0000,16950.0000
1040.2027,0.0000,17000.0000
1040.2027,0.0000,17050.0000
1040.2026,0.0000,17100.0000
1040.2026,0.0000,17150.0000
1040.2025,0.0000,17200.0000
1040.2025,0.0000,17250.0000
1040.2025,0.0000,17300.0000
1040.2025,0.0000,17350.0000
1040.2025,0.0000,17400.0000
1040.2024,0.0000,17450.0000
1040.2024,0.0000,17500.0000
1040.2023,0.0000,17550.0000
1040.2023,0.0000,17600.0000
1040.2022,0.0000,17650.0000
1040.2022,0.0000,17700.0000
1040.2022,0.0000,17750.0000
1040.2021,0.0000,17800.0000
1040.2021,0.0000,17850.0000
1040.2021,0.0000,17900.0000
1040.2020,0.0000,17950.0000
1040.2019,0.0000,18000.0000
1040.2019,0.0000,18050.0000
1040.2018,0.0000,18100.0000
1040.2018,0.0000,18150.0000
1040.2017,0.0000,18200.0000
1040.2017,0.0000,18250.0000
1040.2013,0.0000,18300.0000
1040.2011,0.0000,18350.0000
1040.2007,0.0000,18400.0000
1040.2006,0.0000,18450.0000
1040.2003,0.0000,18500.0000
1040.1997,0.0000,18550.0000
1040.1996,0.0000,18600.0000
1040.1989,0.0000,18650.0000
1040.1989,0.0000,18700.0000
1040.1984,0.0000,18750.0000
1040.1982,0.0000,18800.0000
1040.1979,0.0000,18850.0000
1040.1974,0.0000,18900.0000
1040.1968,0.0000,18950.0000
1040.1964,0.0000,19000.0000
1040.1958,0.0000,19050.0000
1040.1956,0.0000,19100.0000
1040.1945,0.0000,19150.0000
1040.1943,0.0000,19200.0000
1040.1934,0.0000,19250.0000
1040.1932,0.0000,19300.0000
1040.1930,0.0000,19350.0000
1040.1927,0.0000,19400.0000
1040.1925,0.0000,19450.0000
1040.1924,0.0000,19500.0000
1040.1919,0.0000,19550.0000
1040.1917,0.0000,19600.0000
1040.1906,0.0000,19650.0000
1040.1905,0.0000,19700.0000
1040.1895,0.0000,19750.0000
1040.1891,0.0000,19800.0000
1040.1891,0.0000,19850.0000
1040.1891,0.0000,19900.0000
1040.1887,0.0000,19950.0000
1040.1887,0.0000,20000.0000
1040.1886,0.0000,20050.0000
1040.1879,0.0000,20100.0000
1040.1879,0.0000,20150.0000
1040.1875,0.0000,20200.0000
1040.1873,0.0000,20250.0000
1040.1862,0.0000,20300.0000
1040.1862,0.0000,20350.0000
1040.1856,0.0000,20400.0000
1040.1847,0.0000,20450.0000
1040.1836,0.0000,20500.0000
1040.1828,0.0000,20550.0000
1040.1814,0.0000,20600.0000
1040.1806,0.0000,20650.0000
1040.1801,0.0000,20700.0000
1040.1801,0.0000,20750.0000
1040.1798,0.0000,20800.0000
1040.1791,0.0000,20850.0000
1040.1790,0.0000,20900.0000
1040.1785,0.0000,20950.0000
1040.1775,0.0000,21000.0000
1040.1768,0.0000,21050.0000
1040.1760,0.0000,21100.0000
1040.1750,0.0000,21150.0000
1040.1745,0.0000,21200.0000
1040.1725,0.0000,21250.0000
1040.1719,0.0000,21300.0000
1040.1697,0.0000,21350.0000
1040.1696,0.0000,21400.0000
1040.1693,0.0000,21450.0000
1040.1685,0.0000,21500.0000
1040.1675,0.0000,21550.0000
1040.1657,0.0000,21600.0000
1040.1657,0.0000,21650.0000
1040.1654,0.0000,21700.0000
1040.1651,0.0000,21750.0000
1040.1637,0.0000,21800.0000
1040.1626,0.0000,21850.0000
1040.1604,0.0000,21900.0000
1040.1604,0.0000,21950.0000
1040.1590,0.0000,22000.0000
1040.1567,0.0000,22050.0000
1040.1567,0.0000,22100.0000
1040.1563,0.0000,22150.0000
1040.1563,0.0000,22200.0000
1040.1550,0.0000,22250.0000
1040.1540,0.0000,22300.0000
1040.1539,0.0000,22350.0000
1040.1535,0.0000,22400.0000
1040.1522,0.0000,22450.0000
1040.1513,0.0000,22500.0000
1040.1513,0.0000,22550.0000
1040.1512,0.0000,22600.0000
1040.1504,0.0000,22650.0000
1040.1502,0.0000,22700.0000
1040.1498,0.0000,22750.0000
1040.1498,0.0000,22800.0000
1040.1495,0.0000,22850.0000
1040.1495,0.0000,22900.0000
1040.1493,0.0000,22950.0000
1040.1485,0.0000,23000.0000
1040.1485,0.0000,23050.0000
1040.1484,0.0000,23100.0000
1040.1483,0.0000,23150.0000
1040.1475,0.0000,23200.0000
1040.1475,0.0000,23250.0000
1040.1475,0.0000,23300.0000
1040.1473,0.0000,23350.0000
1040.1471,0.0000,23400.0000
1040.1461,0.0000,23450.0000
1040.1456,0.0000,23500.0000
1040.1445,0.0000,23550.0000
1040.1436,0.0000,23600.0000
1040.1423,0.0000,23650.0000
1040.1417,0.0000,23700.0000
1040.1416,0.0000,23750.0000
1040.1408,0.0000,23800.0000
1040.1403,0.0000,23850.0000
1040.1396,0.0000,23900.0000
1040.1396,0.0000,23950.0000
1040.1396,0.0000,24000.0000
1040.1394,0.0000,24050.0000
1040.1392,0.0000,24100.0000
1040.1388,0.0000,24150.0000
1040.1384,0.0000,24200.0000
1040.1384,0.0000,24250.0000
1040.1377,0.0000,24300.0000
1040.1377,0.0000,24350.0000
1040.1377,0.0000,24400.0000
1040.1376,0.0000,24450.0000
1040.1373,0.0000,24500.0000
1040.1369,0.0000,24550.0000
1040.1369,0.0000,24600.0000
1040.1366,0.0000,24650.0000
1040.1359,0.0000,24700.0000
1040.1359,0.0000,24750.0000
1040.1359,0.0000,24800.0000
1040.1355,0.0000,24850.0000
1040.1354,0.0000,24900.0000
1040.1354,0.0000,24950.0000
1040.1354,0.0000,25000.0000
1040.1354,0.0000,25050.0000
1040.1353,0.0000,25100.0000
1040.1353,0.0000,25150.0000
1040.1353,0.0000,25200.0000
1040.1353,0.0000,25250.0000
1040.1352,0.0000,25300.0000
1040.1352,0.0000,25350.0000
1040.1351,0.0000,25400.0000
1040.1351,0.0000,25450.0000
1040.1350,0.0000,25500.0000
1040.1350,0.0000,25550.0000
1040.1349,0.0000,25600.0000
1040.1349,0.0000,25650.0000
1040.1348,0.0000,25700.0000
1040.1345,0.0000,25750.0000
1040.1345,0.0000,25800.0000
1040.1344,0.0000,25850.0000
1040.1344,0.0000,25900.0000
1040.1342,0.0000,25950.0000
1040.1340,0.0000,26000.0000
1040.1338,0.0000,26050.0000
1040.1336,0.0000,26100.0000
1040.1333,0.0000,26150.0000
1040.1332,0.0000,26200.0000
1040.1332,0.0000,26250.0000
1040.1330,0.0000,26300.0000
1040.1329,0.0000,26350.0000
1040.1329,0.0000,26400.0000
1040.1329,0.0000,26450.0000
1040.1329,0.0000,26500.0000
1040.1329,0.0000,26550.0000
1040.1327,0.0000,26600.0000
1040.1326,0.0000,26650.0000
1040.1326,0.0000,26700.0000
1040.1325,0.0000,26750.0000
1040.1325,0.0000,26800.0000
1040.1324,0.0000,26850.0000
1040.1323,0.0000,26900.0000
1040.1323,0.0000,26950.0000
1040.1322,0.0000,27000.0000
1040.1322,0.0000,27050.0000
1040.1321,0.0000,27100.0000
1040.1321,0.0000,27150.0000
1040.1320,0.0000,27200.0000
1040.1319,0.0000,27250.0000
1040.1319,0.0000,27300.0000
1040.1319,0.0000,27350.0000
1040.1317,0.0000,27400.0000
1040.1317,0.0000,27450.0000
1040.1317,0.0000,27500.0000
1040.1316,0.0000,27550.0000
1040.1316,0.0000,27600.0000
1040.1315,0.0000,27650.0000
1040.1315,0.0000,27700.0000
1040.1315,0.0000,27750.0000
1040.1315,0.0000,27800.0000
1040.1314,0.0000,27850.0000
1040.1313,0.0000,27900.0000
1040.1313,0.0000,27950.0000
1040.1313,0.0000,28000.0000
1040.1312,0.0000,28050.0000
1040.1312,0.0000,28100.0000
1040.1312,0.0000,28150.0000
1040.1311,0.0000,28200.0000
1040.1310,0.0000,28250.0000
1040.1310,0.0000,28300.0000
1040.1308,0.0000,28350.0000
1040.1308,0.0000,28400.0000
1040.1307,0.0000,28450.0000
1040.1301,0.0000,28500.0000
1040.1301,0.0000,28550.0000
1040.1301,0.0000,28600.0000
1040.1298,0.0000,28650.0000
1040.1298,0.0000,28700.0000
1040.1293,0.0000,28750.0000
1040.1290,0.0000,28800.0000
1040.1290,0.0000,28850.0000
1040.1290,0.0000,28900.0000
1040.1290,0.0000,28950.0000
1040.1290,0.0000,29000.0000
1040.1289,0.0000,29050.0000
1040.1289,0.0000,29100.0000
1040.1288,0.0000,29150.0000
1040.1288,0.0000,29200.0000
1040.1286,0.0000,29250.0000
1040.1286,0.0000,29300.0000
1040.1285,0.0000,29350.0000
1040.1285,0.0000,29400.0000
1040.1284,0.0000,29450.0000
1040.1284,0.0000,29500.0000
1040.1283,0.0000,29550.0000
1040.1283,0.0000,29600.0000
1040.1283,0.0000,29650.0000
1040.1283,0.0000,29700.0000
1040.1282,0.0000,29750.0000
1040.1282,0.0000,29800.0000
1040.1282,0.0000,29850.0000
1040.1282,0.0000,29900.0000
1040.1282,0.0000,29950.0000
1040.1282,0.0000,30000.0000
1040.1282,0.0000,30050.0000
