1122.0327,0.0000,100.0000
1122.0327,0.0000,150.0000
1089.0919,0.0000,200.0000
1078.0162,0.0000,250.0000
1071.9914,0.0000,300.0000
1071.8514,0.0000,350.0000
1062.2999,0.0000,400.0000
1062.2999,0.0000,450.0000
1061.6116,0.0000,500.0000
1061.6116,0.0000,550.0000
1059.5364,0.0000,600.0000
1054.6625,0.0000,650.0000
1054.6625,0.0000,700.0000
1054.4321,0.0000,750.0000
1051.6102,0.0000,800.0000
1051.1689,0.0000,850.0000
1050.7969,0.0000,900.0000
1050.2631,0.0000,950.0000
1049.1269,0.0000,1000.0000
1048.1884,0.0000,1050.0000
1047.8504,0.0000,1100.0000
1047.4367,0.0000,1150.0000
1045.9820,0.0000,1200.0000
1045.9179,0.0000,1250.0000
1045.3300,0.0000,1300.0000
1045.2474,0.0000,1350.0000
1044.2804,0.0000,1400.0000
1044.2804,0.0000,1450.0000
1044.2804,0.0000,1500.0000
1044.2804,0.0000,1550.0000
1044.2804,0.0000,1600.0000
1044.0196,0.0000,1650.0000
1044.0196,0.0000,1700.0000
1044.0196,0.0000,1750.0000
1043.7690,0.0000,1800.0000
1043.7690,0.0000,1850.0000
1043.7446,0.0000,1900.0000
1043.7296,0.0000,1950.0000
1043.7296,0.0000,2000.0000
1043.6337,0.0000,2050.0000
1043.5133,0.0000,2100.0000
1043.5133,0.0000,2150.0000
1043.4941,0.0000,2200.0000
1043.3681,0.0000,2250.0000
1043.3214,0.0000,2300.0000
1043.2720,0.0000,2350.0000
1043.2283,0.0000,2400.0000
1043.1000,0.0000,2450.0000
1043.0475,0.0000,2500.0000
1042.9763,0.0000,2550.0000
1042.9356,0.0000,2600.0000
1042.9176,0.0000,2650.0000
1042.8609,0.0000,2700.0000
1042.8152,0.0000,2750.0000
1042.7709,0.0000,2800.0000
1042.7011,0.0000,2850.0000
1042.6492,0.0000,2900.0000
1042.5640,0.0000,2950.0000
1042.5294,0.0000,3000.0000
1042.4424,0.0000,3050.0000
1042.4353,0.0000,3100.0000
1042.4012,0.0000,3150.0000
1042.3471,0.0000,3200.0000
1042.2230,0.0000,3250.0000
1042.1851,0.0000,3300.0000
1042.1003,0.0000,3350.0000
1042.0280,0.0000,3400.0000
1041.9343,0.0000,3450.0000
1041.9343,0.0000,3500.0000
1041.9102,0.0000,3550.0000
1041.8694,0.0000,3600.0000
1041.8587,0.0000,3650.0000
1041.8364,0.0000,3700.0000
1041.8234,0.0000,3750.0000
1041.7969,0.0000,3800.0000
1041.7570,0.0000,3850.0000
1041.7547,0.0000,3900.0000
1041.6979,0.0000,3950.0000
1041.6979,0.0000,4000.0000
1041.6769,0.0000,4050.0000
1041.6652,0.0000,4100.0000
1041.6325,0.0000,4150.0000
1041.6024,0.0000,4200.0000
1041.5932,0.0000,4250.0000
1041.5375,0.0000,4300.0000
1041.4840,0.0000,4350.0000
1041.4411,0.0000,4400.0000
1041.4006,0.0000,4450.0000
1041.3634,0.0000,4500.0000
1041.3357,0.0000,4550.0000
1041.3034,0.0000,4600.0000
1041.2754,0.0000,4650.0000
1041.2434,0.0000,4700.0000
1041.1977,0.0000,4750.0000
1041.1112,0.0000,4800.0000
1041.0560,0.0000,4850.0000
1040.9857,0.0000,4900.0000
1040.9430,0.0000,4950.0000
1040.8434,0.0000,5000.0000
1040.8434,0.0000,5050.0000
1040.8036,0.0000,5100.0000
1040.8036,0.0000,5150.0000
1040.7827,0.0000,5200.0000
1040.5913,0.0000,5250.0000
1040.5913,0.0000,5300.0000
1040.5877,0.0000,5350.0000
1040.5540,0.0000,5400.0000
1040.5540,0.0000,5450.0000
1040.5332,0.0000,5500.0000
1040.5163,0.0000,5550.0000
1040.5005,0.0000,5600.0000
1040.4757,0.0000,5650.0000
1040.4620,0.0000,5700.0000
1040.4407,0.0000,5750.0000
1040.4382,0.0000,5800.0000
1040.4382,0.0000,5850.0000
1040.4231,0.0000,5900.0000
1040.4105,0.0000,5950.0000
1040.4070,0.0000,6000.0000
1040.3949,0.0000,6050.0000
1040.3933,0.0000,6100.0000
1040.3828,0.0000,6150.0000
1040.3444,0.0000,6200.0000
1040.3444,0.0000,6250.0000
1040.3357,0.0000,6300.0000
1040.3188,0.0000,6350.0000
1040.3188,0.0000,6400.0000
1040.3168,0.0000,6450.0000
1040.3146,0.0000,6500.0000
1040.2999,0.0000,6550.0000
1040.2919,0.0000,6600.0000
1040.2919,0.0000,6650.0000
1040.2897,0.0000,6700.0000
1040.2897,0.0000,6750.0000
1040.2886,0.0000,6800.0000
1040.2868,0.0000,6850.0000
1040.2807,0.0000,6900.0000
1040.2781,0.0000,6950.0000
1040.2740,0.0000,7000.0000
1040.2730,0.0000,7050.0000
1040.2730,0.0000,7100.0000
1040.2730,0.0000,7150.0000
1040.2709,0.0000,7200.0000
1040.2663,0.0000,7250.0000
1040.2646,0.0000,7300.0000
1040.2646,0.0000,7350.0000
1040.2646,0.0000,7400.0000
1040.2615,0.0000,7450.0000
1040.2588,0.0000,7500.0000
1040.2554,0.0000,7550.0000
1040.2513,0.0000,7600.0000
1040.2482,0.0000,7650.0000
1040.2476,0.0000,7700.0000
1040.2463,0.0000,7750.0000
1040.2436,0.0000,7800.0000
1040.2423,0.0000,7850.0000
1040.2400,0.0000,7900.0000
1040.2394,0.0000,7950.0000
1040.2389,0.0000,8000.0000
1040.2383,0.0000,8050.0000
1040.2367,0.0000,8100.0000
1040.2367,0.0000,8150.0000
1040.2364,0.0000,8200.0000
1040.2341,0.0000,8250.0000
1040.2332,0.0000,8300.0000
1040.2332,0.0000,8350.0000
1040.2332,0.0000,8400.0000
1040.2329,0.0000,8450.0000
1040.2321,0.0000,8500.0000
1040.2321,0.0000,8550.0000
1040.2321,0.0000,8600.0000
1040.2319,0.0000,8650.0000
1040.2317,0.0000,8700.0000
1040.2314,0.0000,8750.0000
1040.2301,0.0000,8800.0000
1040.2301,0.0000,8850.0000
1040.2294,0.0000,8900.0000
1040.2292,0.0000,8950.0000
1040.2292,0.0000,9000.0000
1040.2289,0.0000,9050.0000
1040.2285,0.0000,9100.0000
1040.2280,0.0000,9150.0000
1040.2276,0.0000,9200.0000
1040.2270,0.0000,9250.0000
1040.2266,0.0000,9300.0000
1040.2264,0.0000,9350.0000
1040.2260,0.0000,9400.0000
1040.2258,0.0000,9450.0000
1040.2254,0.0000,9500.0000
1040.2252,0.0000,9550.0000
1040.2244,0.0000,9600.0000
1040.2241,0.0000,9650.0000
1040.2241,0.0000,9700.0000
1040.2237,0.0000,9750.0000
1040.2234,0.0000,9800.0000
1040.2232,0.0000,9850.0000
1040.2225,0.0000,9900.0000
1040.2225,0.0000,9950.0000
1040.2225,0.0000,10000.0000
1040.2225,0.0000,10050.0000
1040.2218,0.0000,10100.0000
1040.2214,0.0000,10150.0000
1040.2212,0.0000,10200.0000
1040.2206,0.0000,10250.0000
1040.2206,0.0000,10300.0000
1040.2204,0.0000,10350.0000
1040.2201,0.0000,10400.0000
1040.2198,0.0000,10450.0000
1040.2195,0.0000,10500.0000
1040.2193,0.0000,10550.0000
1040.2189,0.0000,10600.0000
1040.2186,0.0000,10650.0000
1040.2184,0.0000,10700.0000
1040.2184,0.0000,10750.0000
1040.2184,0.0000,10800.0000
1040.2184,0.0000,10850.0000
1040.2184,0.0000,10900.0000
1040.2182,0.0000,10950.0000
1040.2182,0.0000,11000.0000
1040.2181,0.0000,11050.0000
1040.2180,0.0000,11100.0000
1040.2180,0.0000,11150.0000
1040.2179,0.0000,11200.0000
1040.2179,0.0000,11250.0000
1040.2178,0.0000,11300.0000
1040.2178,0.0000,11350.0000
1040.2178,0.0000,11400.0000
1040.2178,0.0000,11450.0000
1040.2177,0.0000,11500.0000
1040.2175,0.0000,11550.0000
1040.2174,0.0000,11600.0000
1040.2172,0.0000,11650.0000
1040.2172,0.0000,11700.0000
1040.2172,0.0000,11750.0000
1040.2172,0.0000,11800.0000
1040.2171,0.0000,11850.0000
1040.2171,0.0000,11900.0000
1040.2170,0.0000,11950.0000
1040.2169,0.0000,12000.0000
1040.2168,0.0000,12050.0000
1040.2168,0.0000,12100.0000
1040.2167,0.0000,12150.0000
1040.2167,0.0000,12200.0000
1040.2166,0.0000,12250.0000
1040.2166,0.0000,12300.0000
1040.2165,0.0000,12350.0000
1040.2165,0.0000,12400.0000
1040.2164,0.0000,12450.0000
1040.2164,0.0000,12500.0000
1040.2163,0.0000,12550.0000
1040.2163,0.0000,12600.0000
1040.2162,0.0000,12650.0000
1040.2162,0.0000,12700.0000
1040.2161,0.0000,12750.0000
1040.2161,0.0000,12800.0000
1040.2159,0.0000,12850.0000
1040.2159,0.0000,12900.0000
1040.2158,0.0000,12950.0000
1040.2157,0.0000,13000.0000
1040.2157,0.0000,13050.0000
1040.2156,0.0000,13100.0000
1040.2156,0.0000,13150.0000
1040.2156,0.0000,13200.0000
1040.2155,0.0000,13250.0000
1040.2155,0.0000,13300.0000
1040.2155,0.0000,13350.0000
1040.2154,0.0000,13400.0000
1040.2153,0.0000,13450.0000
1040.2152,0.0000,13500.0000
1040.2152,0.0000,13550.0000
1040.2151,0.0000,13600.0000
1040.2150,0.0000,13650.0000
1040.2149,0.0000,13700.0000
1040.2149,0.0000,13750.0000
1040.2149,0.0000,13800.0000
1040.2149,0.0000,13850.0000
1040.2148,0.0000,13900.0000
1040.2146,0.0000,13950.0000
1040.2146,0.0000,14000.0000
1040.2145,0.0000,14050.0000
1040.2143,0.0000,14100.0000
1040.2140,0.0000,14150.0000
1040.2138,0.0000,14200.0000
1040.2135,0.0000,14250.0000
1040.2135,0.0000,14300.0000
1040.2132,0.0000,14350.0000
1040.2130,0.0000,14400.0000
1040.2129,0.0000,14450.0000
1040.2127,0.0000,14500.0000
1040.2126,0.0000,14550.0000
1040.2123,0.0000,14600.0000
1040.2121,0.0000,14650.0000
1040.2119,0.0000,14700.0000
1040.2118,0.0000,14750.0000
1040.2113,0.0000,14800.0000
1040.2112,0.0000,14850.0000
1040.2110,0.0000,14900.0000
1040.2110,0.0000,14950.0000
1040.2109,0.0000,15000.0000
1040.2108,0.0000,15050.0000
1040.2107,0.0000,15100.0000
1040.2104,0.0000,15150.0000
1040.2102,0.0000,15200.0000
1040.2100,0.0000,15250.0000
1040.2100,0.0000,15300.0000
1040.2099,0.0000,15350.0000
1040.2097,0.0000,15400.0000
1040.2093,0.0000,15450.0000
1040.2093,0.0000,15500.0000
1040.2092,0.0000,15550.0000
1040.2088,0.0000,15600.0000
1040.2085,0.0000,15650.0000
1040.2081,0.0000,15700.0000
1040.2080,0.0000,15750.0000
1040.2078,0.0000,15800.0000
1040.2075,0.0000,15850.0000
1040.2073,0.0000,15900.0000
1040.2069,0.0000,15950.0000
1040.2069,0.0000,16000.0000
1040.2069,0.0000,16050.0000
1040.2069,0.0000,16100.0000
1040.2068,0.0000,16150.0000
1040.2066,0.0000,16200.0000
1040.2065,0.0000,16250.0000
1040.2064,0.0000,16300.0000
1040.2063,0.0000,16350.0000
1040.2062,0.0000,16400.0000
1040.2061,0.0000,16450.0000
1040.2059,0.0000,16500.0000
1040.2058,0.0000,16550.0000
1040.2054,0.0000,16600.0000
1040.2049,0.0000,16650.0000
1040.2046,0.0000,16700.0000
1040.2044,0.0000,16750.0000
1040.2044,0.0000,16800.0000
1040.2040,0.0000,16850.0000
1040.2039,0.0000,16900.0000
1040.2038,0.0000,16950.0000
1040.2037,0.0000,17000.0000
1040.2035,0.0000,17050.0000
1040.2035,0.0000,17100.0000
1040.2034,0.0000,17150.0000
1040.2034,0.0000,17200.0000
1040.2034,0.0000,17250.0000
1040.2034,0.0000,17300.0000
1040.2034,0.0000,17350.0000
1040.2034,0.0000,17400.0000
1040.2032,0.0000,17450.0000
1040.2032,0.0000,17500.0000
1040.2032,0.0000,17550.0000
1040.2031,0.0000,17600.0000
1040.2030,0.0000,17650.0000
1040.2029,0.0000,17700.0000
1040.2029,0.0000,17750.0000
1040.2029,0.0000,17800.0000
1040.2028,0.0000,17850.0000
1040.2028,0.0000,17900.0000
1040.2028,0.0000,17950.0000
1040.2028,0.0000,18000.0000
1040.2028,0.0000,18050.0000
1040.2027,0.0000,18100.0000
1040.2027,0.0000,18150.0000
1040.2027,0.0000,18200.0000
1040.2027,0.0000,18250.0000
1040.2026,0.0000,18300.0000
1040.2026,0.0000,18350.0000
1040.2026,0.0000,18400.0000
1040.2025,0.0000,18450.0000
1040.2025,0.0000,18500.0000
1040.2025,0.0000,18550.0000
1040.2024,0.0000,18600.0000
1040.2024,0.0000,18650.0000
1040.2024,0.0000,18700.0000
1040.2023,0.0000,18750.0000
1040.2023,0.0000,18800.0000
1040.2022,0.0000,18850.0000
1040.2022,0.0000,18900.0000
1040.2022,0.0000,18950.0000
1040.2021,0.0000,19000.0000
1040.2021,0.0000,19050.0000
1040.2021,0.0000,19100.0000
1040.2020,0.0000,19150.0000
1040.2020,0.0000,19200.0000
1040.2020,0.0000,19250.0000
1040.2019,0.0000,19300.0000
1040.2019,0.0000,19350.0000
1040.2018,0.0000,19400.0000
1040.2018,0.0000,19450.0000
1040.2018,0.0000,19500.0000
1040.2017,0.0000,19550.0000
1040.2017,0.0000,19600.0000
1040.2017,0.0000,19650.0000
1040.2016,0.0000,19700.0000
1040.2016,0.0000,19750.0000
1040.2016,0.0000,19800.0000
1040.2015,0.0000,19850.0000
1040.2015,0.0000,19900.0000
1040.2015,0.0000,19950.0000
1040.2015,0.0000,20000.0000
1040.2015,0.0000,20050.0000
1040.2015,0.0000,20100.0000
1040.2014,0.0000,20150.0000
1040.2014,0.0000,20200.0000
1040.2013,0.0000,20250.0000
1040.2013,0.0000,20300.0000
1040.2012,0.0000,20350.0000
1040.2011,0.0000,20400.0000
1040.2010,0.0000,20450.0000
1040.2009,0.0000,20500.0000
1040.2008,0.0000,20550.0000
1040.2005,0.0000,20600.0000
1040.2004,0.0000,20650.0000
1040.2003,0.0000,20700.0000
1040.1999,0.0000,20750.0000
1040.1997,0.0000,20800.0000
1040.1990,0.0000,20850.0000
1040.1990,0.0000,20900.0000
1040.1988,0.0000,20950.0000
1040.1984,0.0000,21000.0000
1040.1982,0.0000,21050.0000
1040.1975,0.0000,21100.0000
1040.1968,0.0000,21150.0000
1040.1957,0.0000,21200.0000
1040.1953,0.0000,21250.0000
1040.1945,0.0000,21300.0000
1040.1939,0.0000,21350.0000
1040.1934,0.0000,21400.0000
1040.1934,0.0000,21450.0000
1040.1933,0.0000,21500.0000
1040.1930,0.0000,21550.0000
1040.1929,0.0000,21600.0000
1040.1923,0.0000,21650.0000
1040.1920,0.0000,21700.0000
1040.1915,0.0000,21750.0000
1040.1910,0.0000,21800.0000
1040.1906,0.0000,21850.0000
1040.1903,0.0000,21900.0000
1040.1883,0.0000,21950.0000
1040.1883,0.0000,22000.0000
1040.1876,0.0000,22050.0000
1040.1866,0.0000,22100.0000
1040.1851,0.0000,22150.0000
1040.1851,0.0000,22200.0000
1040.1848,0.0000,22250.0000
1040.1841,0.0000,22300.0000
1040.1834,0.0000,22350.0000
1040.1827,0.0000,22400.0000
1040.1827,0.0000,22450.0000
1040.1824,0.0000,22500.0000
1040.1816,0.0000,22550.0000
1040.1809,0.0000,22600.0000
1040.1809,0.0000,22650.0000
1040.1809,0.0000,22700.0000
1040.1806,0.0000,22750.0000
1040.1795,0.0000,22800.0000
1040.1795,0.0000,22850.0000
1040.1794,0.0000,22900.0000
1040.1794,0.0000,22950.0000
1040.1790,0.0000,23000.0000
1040.1788,0.0000,23050.0000
1040.1786,0.0000,23100.0000
1040.1786,0.0000,23150.0000
1040.1786,0.0000,23200.0000
1040.1782,0.0000,23250.0000
1040.1782,0.0000,23300.0000
1040.1781,0.0000,23350.0000
1040.1781,0.0000,23400.0000
1040.1781,0.0000,23450.0000
1040.1778,0.0000,23500.0000
1040.1777,0.0000,23550.0000
1040.1774,0.0000,23600.0000
1040.1774,0.0000,23650.0000
1040.1774,0.0000,23700.0000
1040.1772,0.0000,23750.0000
1040.1772,0.0000,23800.0000
1040.1772,0.0000,23850.0000
1040.1770,0.0000,23900.0000
1040.1769,0.0000,23950.0000
1040.1769,0.0000,24000.0000
1040.1767,0.0000,24050.0000
1040.1761,0.0000,24100.0000
1040.1761,0.0000,24150.0000
1040.1760,0.0000,24200.0000
1040.1758,0.0000,24250.0000
1040.1756,0.0000,24300.0000
1040.1754,0.0000,24350.0000
1040.1754,0.0000,24400.0000
1040.1754,0.0000,24450.0000
1040.1752,0.0000,24500.0000
1040.1752,0.0000,24550.0000
1040.1752,0.0000,24600.0000
1040.1750,0.0000,24650.0000
1040.1749,0.0000,24700.0000
1040.1749,0.0000,24750.0000
1040.1749,0.0000,24800.0000
1040.1748,0.0000,24850.0000
1040.1746,0.0000,24900.0000
1040.1745,0.0000,24950.0000
1040.1745,0.0000,25000.0000
1040.1744,0.0000,25050.0000
1040.1743,0.0000,25100.0000
1040.1742,0.0000,25150.0000
1040.1742,0.0000,25200.0000
1040.1741,0.0000,25250.0000
1040.1739,0.0000,25300.0000
1040.1739,0.0000,25350.0000
1040.1739,0.0000,25400.0000
1040.1739,0.0000,25450.0000
1040.1738,0.0000,25500.0000
1040.1738,0.0000,25550.0000
1040.1736,0.0000,25600.0000
1040.1736,0.0000,25650.0000
1040.1736,0.0000,25700.0000
1040.1736,0.0000,25750.0000
1040.1734,0.0000,25800.0000
1040.1733,0.0000,25850.0000
1040.1732,0.0000,25900.0000
1040.1729,0.0000,25950.0000
1040.1728,0.0000,26000.0000
1040.1725,0.0000,26050.0000
1040.1724,0.0000,26100.0000
1040.1724,0.0000,26150.0000
1040.1723,0.0000,26200.0000
1040.1722,0.0000,26250.0000
1040.1718,0.0000,26300.0000
1040.1715,0.0000,26350.0000
1040.1712,0.0000,26400.0000
1040.1708,0.0000,26450.0000
1040.1705,0.0000,26500.0000
1040.1704,0.0000,26550.0000
1040.1702,0.0000,26600.0000
1040.1700,0.0000,26650.0000
1040.1700,0.0000,26700.0000
1040.1699,0.0000,26750.0000
1040.1698,0.0000,26800.0000
1040.1697,0.0000,26850.0000
1040.1696,0.0000,26900.0000
1040.1695,0.0000,26950.0000
1040.1684,0.0000,27000.0000
1040.1681,0.0000,27050.0000
1040.1680,0.0000,27100.0000
1040.1676,0.0000,27150.0000
1040.1674,0.0000,27200.0000
1040.1672,0.0000,27250.0000
1040.1670,0.0000,27300.0000
1040.1666,0.0000,27350.0000
1040.1662,0.0000,27400.0000
1040.1657,0.0000,27450.0000
1040.1657,0.0000,27500.0000
1040.1655,0.0000,27550.0000
1040.1655,0.0000,27600.0000
1040.1651,0.0000,27650.0000
1040.1649,0.0000,27700.0000
1040.1645,0.0000,27750.0000
1040.1638,0.0000,27800.0000
1040.1638,0.0000,27850.0000
1040.1635,0.0000,27900.0000
1040.1632,0.0000,27950.0000
1040.1629,0.0000,28000.0000
1040.1629,0.0000,28050.0000
1040.1628,0.0000,28100.0000
1040.1628,0.0000,28150.0000
1040.1626,0.0000,28200.0000
1040.1623,0.0000,28250.0000
1040.1622,0.0000,28300.0000
1040.1621,0.0000,28350.0000
1040.1619,0.0000,28400.0000
1040.1617,0.0000,28450.0000
1040.1617,0.0000,28500.0000
1040.1613,0.0000,28550.0000
1040.1613,0.0000,28600.0000
1040.1613,0.0000,28650.0000
1040.1611,0.0000,28700.0000
1040.1611,0.0000,28750.0000
1040.1610,0.0000,28800.0000
1040.1610,0.0000,28850.0000
1040.1610,0.0000,28900.0000
1040.1610,0.0000,28950.0000
1040.1608,0.0000,29000.0000
1040.1608,0.0000,29050.0000
1040.1606,0.0000,29100.0000
1040.1603,0.0000,29150.0000
1040.1603,0.0000,29200.0000
1040.1603,0.0000,29250.0000
1040.1602,0.0000,29300.0000
1040.1601,0.0000,29350.0000
1040.1599,0.0000,29400.0000
1040.1599,0.0000,29450.0000
1040.1596,0.0000,29500.0000
1040.1594,0.0000,29550.0000
1040.1594,0.0000,29600.0000
1040.1592,0.0000,29650.0000
1040.1591,0.0000,29700.0000
1040.1590,0.0000,29750.0000
1040.1588,0.0000,29800.0000
1040.1588,0.0000,29850.0000
1040.1587,0.0000,29900.0000
1040.1586,0.0000,29950.0000
1040.1585,0.0000,30000.0000
1040.1584,0.0000,30050.0000
