1160.7378,0.0295,100.0000
1091.2105,0.0000,150.0000
1083.9909,0.0000,200.0000
1074.4769,0.0000,250.0000
1070.1629,0.0000,300.0000
1069.2085,0.0000,350.0000
1069.2085,0.0000,400.0000
1062.2411,0.0000,450.0000
1059.5456,0.0000,500.0000
1059.3111,0.0000,550.0000
1058.7290,0.0000,600.0000
1057.3362,0.0000,650.0000
1055.0945,0.0000,700.0000
1054.2107,0.0000,750.0000
1054.2107,0.0000,800.0000
1053.5075,0.0000,850.0000
1053.5075,0.0000,900.0000
1053.5075,0.0000,950.0000
1052.9476,0.0000,1000.0000
1051.1612,0.0000,1050.0000
1051.1612,0.0000,1100.0000
1049.9470,0.0000,1150.0000
1049.9470,0.0000,1200.0000
1048.5666,0.0000,1250.0000
1047.5343,0.0000,1300.0000
1047.5343,0.0000,1350.0000
1047.0975,0.0000,1400.0000
1046.7267,0.0000,1450.0000
1046.6660,0.0000,1500.0000
1045.6879,0.0000,1550.0000
1045.3409,0.0000,1600.0000
1044.9443,0.0000,1650.0000
1044.9443,0.0000,1700.0000
1044.8915,0.0000,1750.0000
1044.5317,0.0000,1800.0000
1044.3055,0.0000,1850.0000
1044.2578,0.0000,1900.0000
1043.9623,0.0000,1950.0000
1043.7328,0.0000,2000.0000
1043.3675,0.0000,2050.0000
1043.3675,0.0000,2100.0000
1043.3451,0.0000,2150.0000
1043.2320,0.0000,2200.0000
1043.2320,0.0000,2250.0000
1043.2302,0.0000,2300.0000
1043.2302,0.0000,2350.0000
1043.2038,0.0000,2400.0000
1043.1352,0.0000,2450.0000
1043.0959,0.0000,2500.0000
1042.9481,0.0000,2550.0000
1042.8017,0.0000,2600.0000
1042.8017,0.0000,2650.0000
1042.6674,0.0000,2700.0000
1042.6601,0.0000,2750.0000
1042.5686,0.0000,2800.0000
1042.5156,0.0000,2850.0000
1042.5096,0.0000,2900.0000
1042.4559,0.0000,2950.0000
1042.4559,0.0000,3000.0000
1042.3813,0.0000,3050.0000
1042.3813,0.0000,3100.0000
1042.3625,0.0000,3150.0000
1042.2571,0.0000,3200.0000
1042.2571,0.0000,3250.0000
1042.2063,0.0000,3300.0000
1042.1964,0.0000,3350.0000
1042.1218,0.0000,3400.0000
1042.0589,0.0000,3450.0000
1041.9989,0.0000,3500.0000
1041.9846,0.0000,3550.0000
1041.9469,0.0000,3600.0000
1041.9469,0.0000,3650.0000
1041.9113,0.0000,3700.0000
1041.8451,0.0000,3750.0000
1041.8158,0.0000,3800.0000
1041.7511,0.0000,3850.0000
1041.6718,0.0000,3900.0000
1041.6718,0.0000,3950.0000
1041.6187,0.0000,4000.0000
1041.5766,0.0000,4050.0000
1041.4654,0.0000,4100.0000
1041.4654,0.0000,4150.0000
1041.3348,0.0000,4200.0000
1041.3170,0.0000,4250.0000
1041.2833,0.0000,4300.0000
1041.2696,0.0000,4350.0000
1041.2696,0.0000,4400.0000
1041.2512,0.0000,4450.0000
1041.2108,0.0000,4500.0000
1041.1916,0.0000,4550.0000
1041.1642,0.0000,4600.0000
1041.1196,0.0000,4650.0000
1041.0814,0.0000,4700.0000
1041.0587,0.0000,4750.0000
1041.0375,0.0000,4800.0000
1041.0375,0.0000,4850.0000
1041.0198,0.0000,4900.0000
1041.0101,0.0000,4950.0000
1040.9896,0.0000,5000.0000
1040.9896,0.0000,5050.0000
1040.9896,0.0000,5100.0000
1040.9834,0.0000,5150.0000
1040.9651,0.0000,5200.0000
1040.9525,0.0000,5250.0000
1040.9469,0.0000,5300.0000
1040.9317,0.0000,5350.0000
1040.9317,0.0000,5400.0000
1040.9317,0.0000,5450.0000
1040.9301,0.0000,5500.0000
1040.9301,0.0000,5550.0000
1040.9234,0.0000,5600.0000
1040.9234,0.0000,5650.0000
1040.9220,0.0000,5700.0000
1040.9127,0.0000,5750.0000
1040.9079,0.0000,5800.0000
1040.9068,0.0000,5850.0000
1040.9041,0.0000,5900.0000
1040.9000,0.0000,5950.0000
1040.8940,0.0000,6000.0000
1040.8907,0.0000,6050.0000
1040.8893,0.0000,6100.0000
1040.8872,0.0000,6150.0000
1040.8817,0.0000,6200.0000
1040.8784,0.0000,6250.0000
1040.8680,0.0000,6300.0000
1040.8601,0.0000,6350.0000
1040.8601,0.0000,6400.0000
1040.8583,0.0000,6450.0000
1040.8522,0.0000,6500.0000
1040.8508,0.0000,6550.0000
1040.8448,0.0000,6600.0000
1040.8385,0.0000,6650.0000
1040.8338,0.0000,6700.0000
1040.8283,0.0000,6750.0000
1040.8182,0.0000,6800.0000
1040.8182,0.0000,6850.0000
1040.8167,0.0000,6900.0000
1040.8160,0.0000,6950.0000
1040.8145,0.0000,7000.0000
1040.8092,0.0000,7050.0000
1040.8058,0.0000,7100.0000
1040.8022,0.0000,7150.0000
1040.7981,0.0000,7200.0000
1040.7956,0.0000,7250.0000
1040.7915,0.0000,7300.0000
1040.7915,0.0000,7350.0000
1040.7915,0.0000,7400.0000
1040.7907,0.0000,7450.0000
1040.7903,0.0000,7500.0000
1040.7894,0.0000,7550.0000
1040.7894,0.0000,7600.0000
1040.7894,0.0000,7650.0000
1040.7887,0.0000,7700.0000
1040.7863,0.0000,7750.0000
1040.7808,0.0000,7800.0000
1040.7795,0.0000,7850.0000
1040.7782,0.0000,7900.0000
1040.7735,0.0000,7950.0000
1040.7728,0.0000,8000.0000
1040.7698,0.0000,8050.0000
1040.7673,0.0000,8100.0000
1040.7589,0.0000,8150.0000
1040.7555,0.0000,8200.0000
1040.7474,0.0000,8250.0000
1040.7435,0.0000,8300.0000
1040.7410,0.0000,8350.0000
1040.7385,0.0000,8400.0000
1040.7369,0.0000,8450.0000
1040.7323,0.0000,8500.0000
1040.7278,0.0000,8550.0000
1040.7239,0.0000,8600.0000
1040.7208,0.0000,8650.0000
1040.7143,0.0000,8700.0000
1040.7133,0.0000,8750.0000
1040.7117,0.0000,8800.0000
1040.6954,0.0000,8850.0000
1040.6830,0.0000,8900.0000
1040.6828,0.0000,8950.0000
1040.6768,0.0000,9000.0000
1040.6693,0.0000,9050.0000
1040.6661,0.0000,9100.0000
1040.6560,0.0000,9150.0000
1040.6560,0.0000,9200.0000
1040.6427,0.0000,9250.0000
1040.6335,0.0000,9300.0000
1040.6226,0.0000,9350.0000
1040.6011,0.0000,9400.0000
1040.5820,0.0000,9450.0000
1040.5493,0.0000,9500.0000
1040.5308,0.0000,9550.0000
1040.5308,0.0000,9600.0000
1040.5088,0.0000,9650.0000
1040.5063,0.0000,9700.0000
1040.5063,0.0000,9750.0000
1040.4851,0.0000,9800.0000
1040.4749,0.0000,9850.0000
1040.4528,0.0000,9900.0000
1040.4528,0.0000,9950.0000
1040.4460,0.0000,10000.0000
1040.4429,0.0000,10050.0000
1040.4260,0.0000,10100.0000
1040.4161,0.0000,10150.0000
1040.3761,0.0000,10200.0000
1040.3631,0.0000,10250.0000
1040.3631,0.0000,10300.0000
1040.3551,0.0000,10350.0000
1040.3488,0.0000,10400.0000
1040.3488,0.0000,10450.0000
1040.3488,0.0000,10500.0000
1040.3488,0.0000,10550.0000
1040.3488,0.0000,10600.0000
1040.3367,0.0000,10650.0000
1040.3207,0.0000,10700.0000
1040.3207,0.0000,10750.0000
1040.3186,0.0000,10800.0000
1040.3143,0.0000,10850.0000
1040.3061,0.0000,10900.0000
1040.2997,0.0000,10950.0000
1040.2905,0.0000,11000.0000
1040.2862,0.0000,11050.0000
1040.2678,0.0000,11100.0000
1040.2577,0.0000,11150.0000
1040.2452,0.0000,11200.0000
1040.2452,0.0000,11250.0000
1040.2350,0.0000,11300.0000
1040.2350,0.0000,11350.0000
1040.2327,0.0000,11400.0000
1040.2216,0.0000,11450.0000
1040.2172,0.0000,11500.0000
1040.2144,0.0000,11550.0000
1040.2086,0.0000,11600.0000
1040.2086,0.0000,11650.0000
1040.1983,0.0000,11700.0000
1040.1933,0.0000,11750.0000
1040.1887,0.0000,11800.0000
1040.1865,0.0000,11850.0000
1040.1865,0.0000,11900.0000
1040.1857,0.0000,11950.0000
1040.1857,0.0000,12000.0000
1040.1819,0.0000,12050.0000
1040.1806,0.0000,12100.0000
1040.1804,0.0000,12150.0000
1040.1757,0.0000,12200.0000
1040.1757,0.0000,12250.0000
1040.1737,0.0000,12300.0000
1040.1696,0.0000,12350.0000
1040.1696,0.0000,12400.0000
1040.1691,0.0000,12450.0000
1040.1691,0.0000,12500.0000
1040.1682,0.0000,12550.0000
1040.1664,0.0000,12600.0000
1040.1657,0.0000,12650.0000
1040.1657,0.0000,12700.0000
1040.1646,0.0000,12750.0000
1040.1634,0.0000,12800.0000
1040.1634,0.0000,12850.0000
1040.1632,0.0000,12900.0000
1040.1630,0.0000,12950.0000
1040.1628,0.0000,13000.0000
1040.1623,0.0000,13050.0000
1040.1621,0.0000,13100.0000
1040.1621,0.0000,13150.0000
1040.1617,0.0000,13200.0000
1040.1614,0.0000,13250.0000
1040.1609,0.0000,13300.0000
1040.1609,0.0000,13350.0000
1040.1609,0.0000,13400.0000
1040.1604,0.0000,13450.0000
1040.1604,0.0000,13500.0000
1040.1602,0.0000,13550.0000
1040.1600,0.0000,13600.0000
1040.1598,0.0000,13650.0000
1040.1597,0.0000,13700.0000
1040.1592,0.0000,13750.0000
1040.1590,0.0000,13800.0000
1040.1587,0.0000,13850.0000
1040.1587,0.0000,13900.0000
1040.1587,0.0000,13950.0000
1040.1585,0.0000,14000.0000
1040.1583,0.0000,14050.0000
1040.1583,0.0000,14100.0000
1040.1582,0.0000,14150.0000
1040.1581,0.0000,14200.0000
1040.1578,0.0000,14250.0000
1040.1575,0.0000,14300.0000
1040.1575,0.0000,14350.0000
1040.1575,0.0000,14400.0000
1040.1573,0.0000,14450.0000
1040.1573,0.0000,14500.0000
1040.1572,0.0000,14550.0000
1040.1569,0.0000,14600.0000
1040.1567,0.0000,14650.0000
1040.1565,0.0000,14700.0000
1040.1560,0.0000,14750.0000
1040.1557,0.0000,14800.0000
1040.1554,0.0000,14850.0000
1040.1548,0.0000,14900.0000
1040.1544,0.0000,14950.0000
1040.1535,0.0000,15000.0000
1040.1535,0.0000,15050.0000
1040.1526,0.0000,15100.0000
1040.1514,0.0000,15150.0000
1040.1504,0.0000,15200.0000
1040.1496,0.0000,15250.0000
1040.1484,0.0000,15300.0000
1040.1470,0.0000,15350.0000
1040.1454,0.0000,15400.0000
1040.1448,0.0000,15450.0000
1040.1444,0.0000,15500.0000
1040.1444,0.0000,15550.0000
1040.1444,0.0000,15600.0000
1040.1444,0.0000,15650.0000
1040.1444,0.0000,15700.0000
1040.1444,0.0000,15750.0000
1040.1444,0.0000,15800.0000
1040.1443,0.0000,15850.0000
1040.1439,0.0000,15900.0000
1040.1438,0.0000,15950.0000
1040.1437,0.0000,16000.0000
1040.1433,0.0000,16050.0000
1040.1428,0.0000,16100.0000
1040.1424,0.0000,16150.0000
1040.1422,0.0000,16200.0000
1040.1421,0.0000,16250.0000
1040.1416,0.0000,16300.0000
1040.1415,0.0000,16350.0000
1040.1410,0.0000,16400.0000
1040.1408,0.0000,16450.0000
1040.1408,0.0000,16500.0000
1040.1406,0.0000,16550.0000
1040.1401,0.0000,16600.0000
1040.1399,0.0000,16650.0000
1040.1396,0.0000,16700.0000
1040.1393,0.0000,16750.0000
1040.1390,0.0000,16800.0000
1040.1386,0.0000,16850.0000
1040.1386,0.0000,16900.0000
1040.1386,0.0000,16950.0000
1040.1383,0.0000,17000.0000
1040.1380,0.0000,17050.0000
1040.1380,0.0000,17100.0000
1040.1380,0.0000,17150.0000
1040.1377,0.0000,17200.0000
1040.1376,0.0000,17250.0000
1040.1375,0.0000,17300.0000
1040.1374,0.0000,17350.0000
1040.1372,0.0000,17400.0000
1040.1370,0.0000,17450.0000
1040.1370,0.0000,17500.0000
1040.1368,0.0000,17550.0000
1040.1368,0.0000,17600.0000
1040.1367,0.0000,17650.0000
1040.1367,0.0000,17700.0000
1040.1367,0.0000,17750.0000
1040.1367,0.0000,17800.0000
1040.1367,0.0000,17850.0000
1040.1366,0.0000,17900.0000
1040.1366,0.0000,17950.0000
1040.1365,0.0000,18000.0000
1040.1363,0.0000,18050.0000
1040.1363,0.0000,18100.0000
1040.1362,0.0000,18150.0000
1040.1361,0.0000,18200.0000
1040.1356,0.0000,18250.0000
1040.1356,0.0000,18300.0000
1040.1356,0.0000,18350.0000
1040.1355,0.0000,18400.0000
1040.1355,0.0000,18450.0000
1040.1351,0.0000,18500.0000
1040.1351,0.0000,18550.0000
1040.1351,0.0000,18600.0000
1040.1348,0.0000,18650.0000
1040.1348,0.0000,18700.0000
1040.1348,0.0000,18750.0000
1040.1347,0.0000,18800.0000
1040.1347,0.0000,18850.0000
1040.1343,0.0000,18900.0000
1040.1343,0.0000,18950.0000
1040.1342,0.0000,19000.0000
1040.1340,0.0000,19050.0000
1040.1340,0.0000,19100.0000
1040.1338,0.0000,19150.0000
1040.1337,0.0000,19200.0000
1040.1335,0.0000,19250.0000
1040.1335,0.0000,19300.0000
1040.1333,0.0000,19350.0000
1040.1333,0.0000,19400.0000
1040.1331,0.0000,19450.0000
1040.1331,0.0000,19500.0000
1040.1329,0.0000,19550.0000
1040.1328,0.0000,19600.0000
1040.1325,0.0000,19650.0000
1040.1325,0.0000,19700.0000
1040.1323,0.0000,19750.0000
1040.1321,0.0000,19800.0000
1040.1320,0.0000,19850.0000
1040.1316,0.0000,19900.0000
1040.1316,0.0000,19950.0000
1040.1313,0.0000,20000.0000
1040.1313,0.0000,20050.0000
1040.1311,0.0000,20100.0000
1040.1311,0.0000,20150.0000
1040.1308,0.0000,20200.0000
1040.1307,0.0000,20250.0000
1040.1304,0.0000,20300.0000
1040.1302,0.0000,20350.0000
1040.1301,0.0000,20400.0000
1040.1298,0.0000,20450.0000
1040.1295,0.0000,20500.0000
1040.1292,0.0000,20550.0000
1040.1288,0.0000,20600.0000
1040.1285,0.0000,20650.0000
1040.1284,0.0000,20700.0000
1040.1281,0.0000,20750.0000
1040.1278,0.0000,20800.0000
1040.1278,0.0000,20850.0000
1040.1278,0.0000,20900.0000
1040.1277,0.0000,20950.0000
1040.1277,0.0000,21000.0000
1040.1275,0.0000,21050.0000
1040.1275,0.0000,21100.0000
1040.1274,0.0000,21150.0000
1040.1274,0.0000,21200.0000
1040.1274,0.0000,21250.0000
1040.1272,0.0000,21300.0000
1040.1272,0.0000,21350.0000
1040.1271,0.0000,21400.0000
1040.1271,0.0000,21450.0000
1040.1271,0.0000,21500.0000
1040.1270,0.0000,21550.0000
1040.1270,0.0000,21600.0000
1040.1270,0.0000,21650.0000
1040.1269,0.0000,21700.0000
1040.1269,0.0000,21750.0000
1040.1268,0.0000,21800.0000
1040.1267,0.0000,21850.0000
1040.1266,0.0000,21900.0000
1040.1266,0.0000,21950.0000
1040.1266,0.0000,22000.0000
1040.1266,0.0000,22050.0000
1040.1265,0.0000,22100.0000
1040.1265,0.0000,22150.0000
1040.1265,0.0000,22200.0000
1040.1263,0.0000,22250.0000
1040.1263,0.0000,22300.0000
1040.1261,0.0000,22350.0000
1040.1260,0.0000,22400.0000
1040.1258,0.0000,22450.0000
1040.1257,0.0000,22500.0000
1040.1255,0.0000,22550.0000
1040.1254,0.0000,22600.0000
1040.1254,0.0000,22650.0000
1040.1252,0.0000,22700.0000
1040.1252,0.0000,22750.0000
1040.1251,0.0000,22800.0000
1040.1250,0.0000,22850.0000
1040.1249,0.0000,22900.0000
1040.1249,0.0000,22950.0000
1040.1249,0.0000,23000.0000
1040.1247,0.0000,23050.0000
1040.1247,0.0000,23100.0000
1040.1247,0.0000,23150.0000
1040.1247,0.0000,23200.0000
1040.1246,0.0000,23250.0000
1040.1246,0.0000,23300.0000
1040.1246,0.0000,23350.0000
1040.1246,0.0000,23400.0000
1040.1245,0.0000,23450.0000
1040.1245,0.0000,23500.0000
1040.1244,0.0000,23550.0000
1040.1244,0.0000,23600.0000
1040.1244,0.0000,23650.0000
1040.1244,0.0000,23700.0000
1040.1242,0.0000,23750.0000
1040.1241,0.0000,23800.0000
1040.1240,0.0000,23850.0000
1040.1239,0.0000,23900.0000
1040.1237,0.0000,23950.0000
1040.1237,0.0000,24000.0000
1040.1235,0.0000,24050.0000
1040.1234,0.0000,24100.0000
1040.1234,0.0000,24150.0000
1040.1232,0.0000,24200.0000
1040.1231,0.0000,24250.0000
1040.1231,0.0000,24300.0000
1040.1230,0.0000,24350.0000
1040.1230,0.0000,24400.0000
1040.1230,0.0000,24450.0000
1040.1230,0.0000,24500.0000
1040.1229,0.0000,24550.0000
1040.1229,0.0000,24600.0000
1040.1229,0.0000,24650.0000
1040.1228,0.0000,24700.0000
1040.1228,0.0000,24750.0000
1040.1228,0.0000,24800.0000
1040.1228,0.0000,24850.0000
1040.1228,0.0000,24900.0000
1040.1228,0.0000,24950.0000
1040.1228,0.0000,25000.0000
1040.1227,0.0000,25050.0000
1040.1227,0.0000,25100.0000
1040.1227,0.0000,25150.0000
1040.1227,0.0000,25200.0000
1040.1227,0.0000,25250.0000
1040.1227,0.0000,25300.0000
1040.1226,0.0000,25350.0000
1040.1226,0.0000,25400.0000
1040.1226,0.0000,25450.0000
1040.1226,0.0000,25500.0000
1040.1226,0.0000,25550.0000
1040.1226,0.0000,25600.0000
1040.1226,0.0000,25650.0000
1040.1226,0.0000,25700.0000
1040.1226,0.0000,25750.0000
1040.1225,0.0000,25800.0000
1040.1225,0.0000,25850.0000
1040.1225,0.0000,25900.0000
1040.1225,0.0000,25950.0000
1040.1225,0.0000,26000.0000
1040.1225,0.0000,26050.0000
1040.1224,0.0000,26100.0000
1040.1224,0.0000,26150.0000
1040.1224,0.0000,26200.0000
1040.1223,0.0000,26250.0000
1040.1223,0.0000,26300.0000
1040.1223,0.0000,26350.0000
1040.1223,0.0000,26400.0000
1040.1222,0.0000,26450.0000
1040.1222,0.0000,26500.0000
1040.1222,0.0000,26550.0000
1040.1222,0.0000,26600.0000
1040.1221,0.0000,26650.0000
1040.1219,0.0000,26700.0000
1040.1219,0.0000,26750.0000
1040.1219,0.0000,26800.0000
1040.1218,0.0000,26850.0000
1040.1218,0.0000,26900.0000
1040.1217,0.0000,26950.0000
1040.1216,0.0000,27000.0000
1040.1216,0.0000,27050.0000
1040.1216,0.0000,27100.0000
1040.1216,0.0000,27150.0000
1040.1216,0.0000,27200.0000
1040.1216,0.0000,27250.0000
1040.1215,0.0000,27300.0000
1040.1215,0.0000,27350.0000
1040.1215,0.0000,27400.0000
1040.1215,0.0000,27450.0000
1040.1214,0.0000,27500.0000
1040.1214,0.0000,27550.0000
1040.1213,0.0000,27600.0000
1040.1213,0.0000,27650.0000
1040.1213,0.0000,27700.0000
1040.1213,0.0000,27750.0000
1040.1213,0.0000,27800.0000
1040.1213,0.0000,27850.0000
1040.1213,0.0000,27900.0000
1040.1213,0.0000,27950.0000
1040.1212,0.0000,28000.0000
1040.1212,0.0000,28050.0000
1040.1212,0.0000,28100.0000
1040.1212,0.0000,28150.0000
1040.1212,0.0000,28200.0000
1040.1212,0.0000,28250.0000
1040.1211,0.0000,28300.0000
1040.1211,0.0000,28350.0000
1040.1211,0.0000,28400.0000
1040.1211,0.0000,28450.0000
1040.1211,0.0000,28500.0000
1040.1211,0.0000,28550.0000
1040.1211,0.0000,28600.0000
1040.1211,0.0000,28650.0000
1040.1211,0.0000,28700.0000
1040.1211,0.0000,28750.0000
1040.1211,0.0000,28800.0000
1040.1211,0.0000,28850.0000
1040.1211,0.0000,28900.0000
1040.1211,0.0000,28950.0000
1040.1211,0.0000,29000.0000
1040.1210,0.0000,29050.0000
1040.1210,0.0000,29100.0000
1040.1210,0.0000,29150.0000
1040.1210,0.0000,29200.0000
1040.1210,0.0000,29250.0000
1040.1210,0.0000,29300.0000
1040.1210,0.0000,29350.0000
1040.1210,0.0000,29400.0000
1040.1210,0.0000,29450.0000
1040.1210,0.0000,29500.0000
1040.1210,0.0000,29550.0000
1040.1210,0.0000,29600.0000
1040.1210,0.0000,29650.0000
1040.1210,0.0000,29700.0000
1040.1210,0.0000,29750.0000
1040.1210,0.0000,29800.0000
1040.1210,0.0000,29850.0000
1040.1210,0.0000,29900.0000
1040.1210,0.0000,29950.0000
1040.1210,0.0000,30000.0000
1040.1210,0.0000,30050.0000
