5.0488,0.0000,100.0000
5.0004,0.0000,150.0000
4.9425,0.0000,200.0000
4.7855,0.0000,250.0000
4.7855,0.0000,300.0000
4.6517,0.0000,350.0000
4.5632,0.0000,400.0000
4.5003,0.0000,450.0000
4.2592,0.0000,500.0000
4.1041,0.0000,550.0000
3.8856,0.0000,600.0000
3.8856,0.0000,650.0000
3.8856,0.0000,700.0000
3.6916,0.0000,750.0000
3.6916,0.0000,800.0000
3.6696,0.0000,850.0000
3.6585,0.0000,900.0000
3.5605,0.0000,950.0000
3.4924,0.0000,1000.0000
3.4924,0.0000,1050.0000
3.4192,0.0000,1100.0000
3.4192,0.0000,1150.0000
3.4126,0.0000,1200.0000
3.4126,0.0000,1250.0000
3.4104,0.0000,1300.0000
3.3938,0.0000,1350.0000
3.3593,0.0000,1400.0000
3.3593,0.0000,1450.0000
3.3593,0.0000,1500.0000
3.3407,0.0000,1550.0000
3.3407,0.0000,1600.0000
3.3407,0.0000,1650.0000
3.3320,0.0000,1700.0000
3.3309,0.0000,1750.0000
3.3197,0.0000,1800.0000
3.3123,0.0000,1850.0000
3.3123,0.0000,1900.0000
3.3120,0.0000,1950.0000
3.3069,0.0000,2000.0000
3.3045,0.0000,2050.0000
3.2986,0.0000,2100.0000
3.2986,0.0000,2150.0000
3.2975,0.0000,2200.0000
3.2967,0.0000,2250.0000
3.2859,0.0000,2300.0000
3.2859,0.0000,2350.0000
3.2859,0.0000,2400.0000
3.2791,0.0000,2450.0000
3.2769,0.0000,2500.0000
3.2733,0.0000,2550.0000
3.2690,0.0000,2600.0000
3.2681,0.0000,2650.0000
3.2650,0.0000,2700.0000
3.2608,0.0000,2750.0000
3.2584,0.0000,2800.0000
3.2538,0.0000,2850.0000
3.2516,0.0000,2900.0000
3.2475,0.0000,2950.0000
3.2436,0.0000,3000.0000
3.2422,0.0000,3050.0000
3.2397,0.0000,3100.0000
3.2382,0.0000,3150.0000
3.2382,0.0000,3200.0000
3.2353,0.0000,3250.0000
3.2334,0.0000,3300.0000
3.2329,0.0000,3350.0000
3.2295,0.0000,3400.0000
3.2281,0.0000,3450.0000
3.2281,0.0000,3500.0000
3.2279,0.0000,3550.0000
3.2277,0.0000,3600.0000
3.2272,0.0000,3650.0000
3.2263,0.0000,3700.0000
3.2263,0.0000,3750.0000
3.2259,0.0000,3800.0000
3.2259,0.0000,3850.0000
3.2259,0.0000,3900.0000
3.2258,0.0000,3950.0000
3.2253,0.0000,4000.0000
3.2240,0.0000,4050.0000
3.2240,0.0000,4100.0000
3.2240,0.0000,4150.0000
3.2240,0.0000,4200.0000
3.2238,0.0000,4250.0000
3.2228,0.0000,4300.0000
3.2224,0.0000,4350.0000
3.2217,0.0000,4400.0000
3.2208,0.0000,4450.0000
3.2198,0.0000,4500.0000
3.2193,0.0000,4550.0000
3.2188,0.0000,4600.0000
3.2184,0.0000,4650.0000
3.2178,0.0000,4700.0000
3.2176,0.0000,4750.0000
3.2166,0.0000,4800.0000
3.2166,0.0000,4850.0000
3.2163,0.0000,4900.0000
3.2159,0.0000,4950.0000
3.2158,0.0000,5000.0000
3.2147,0.0000,5050.0000
3.2132,0.0000,5100.0000
3.2114,0.0000,5150.0000
3.2096,0.0000,5200.0000
3.2075,0.0000,5250.0000
3.2047,0.0000,5300.0000
3.2029,0.0000,5350.0000
3.2029,0.0000,5400.0000
3.2012,0.0000,5450.0000
3.1998,0.0000,5500.0000
3.1992,0.0000,5550.0000
3.1992,0.0000,5600.0000
3.1981,0.0000,5650.0000
3.1961,0.0000,5700.0000
3.1961,0.0000,5750.0000
3.1958,0.0000,5800.0000
3.1957,0.0000,5850.0000
3.1934,0.0000,5900.0000
3.1931,0.0000,5950.0000
3.1931,0.0000,6000.0000
3.1931,0.0000,6050.0000
3.1927,0.0000,6100.0000
3.1927,0.0000,6150.0000
3.1924,0.0000,6200.0000
3.1924,0.0000,6250.0000
3.1924,0.0000,6300.0000
3.1920,0.0000,6350.0000
3.1920,0.0000,6400.0000
3.1916,0.0000,6450.0000
3.1914,0.0000,6500.0000
3.1911,0.0000,6550.0000
3.1911,0.0000,6600.0000
3.1909,0.0000,6650.0000
3.1909,0.0000,6700.0000
3.1909,0.0000,6750.0000
3.1907,0.0000,6800.0000
3.1904,0.0000,6850.0000
3.1900,0.0000,6900.0000
3.1895,0.0000,6950.0000
3.1895,0.0000,7000.0000
3.1894,0.0000,7050.0000
3.1887,0.0000,7100.0000
3.1886,0.0000,7150.0000
3.1885,0.0000,7200.0000
3.1880,0.0000,7250.0000
3.1878,0.0000,7300.0000
3.1876,0.0000,7350.0000
3.1870,0.0000,7400.0000
3.1859,0.0000,7450.0000
3.1853,0.0000,7500.0000
3.1846,0.0000,7550.0000
3.1832,0.0000,7600.0000
3.1825,0.0000,7650.0000
3.1816,0.0000,7700.0000
3.1816,0.0000,7750.0000
3.1810,0.0000,7800.0000
3.1808,0.0000,7850.0000
3.1805,0.0000,7900.0000
3.1802,0.0000,7950.0000
3.1798,0.0000,8000.0000
3.1793,0.0000,8050.0000
3.1790,0.0000,8100.0000
3.1790,0.0000,8150.0000
3.1788,0.0000,8200.0000
3.1785,0.0000,8250.0000
3.1785,0.0000,8300.0000
3.1783,0.0000,8350.0000
3.1783,0.0000,8400.0000
3.1783,0.0000,8450.0000
3.1782,0.0000,8500.0000
3.1782,0.0000,8550.0000
3.1780,0.0000,8600.0000
3.1780,0.0000,8650.0000
3.1778,0.0000,8700.0000
3.1777,0.0000,8750.0000
3.1776,0.0000,8800.0000
3.1776,0.0000,8850.0000
3.1774,0.0000,8900.0000
3.1771,0.0000,8950.0000
3.1769,0.0000,9000.0000
3.1767,0.0000,9050.0000
3.1763,0.0000,9100.0000
3.1763,0.0000,9150.0000
3.1763,0.0000,9200.0000
3.1759,0.0000,9250.0000
3.1758,0.0000,9300.0000
3.1755,0.0000,9350.0000
3.1754,0.0000,9400.0000
3.1751,0.0000,9450.0000
3.1751,0.0000,9500.0000
3.1749,0.0000,9550.0000
3.1749,0.0000,9600.0000
3.1748,0.0000,9650.0000
3.1748,0.0000,9700.0000
3.1747,0.0000,9750.0000
3.1746,0.0000,9800.0000
3.1744,0.0000,9850.0000
3.1742,0.0000,9900.0000
3.1742,0.0000,9950.0000
3.1740,0.0000,10000.0000
3.1739,0.0000,10050.0000
3.1739,0.0000,10100.0000
3.1737,0.0000,10150.0000
3.1737,0.0000,10200.0000
3.1735,0.0000,10250.0000
3.1735,0.0000,10300.0000
3.1735,0.0000,10350.0000
3.1733,0.0000,10400.0000
3.1733,0.0000,10450.0000
3.1732,0.0000,10500.0000
3.1731,0.0000,10550.0000
3.1727,0.0000,10600.0000
3.1727,0.0000,10650.0000
3.1727,0.0000,10700.0000
3.1726,0.0000,10750.0000
3.1726,0.0000,10800.0000
3.1722,0.0000,10850.0000
3.1720,0.0000,10900.0000
3.1720,0.0000,10950.0000
3.1718,0.0000,11000.0000
3.1715,0.0000,11050.0000
3.1715,0.0000,11100.0000
3.1715,0.0000,11150.0000
3.1714,0.0000,11200.0000
3.1713,0.0000,11250.0000
3.1712,0.0000,11300.0000
3.1711,0.0000,11350.0000
3.1710,0.0000,11400.0000
3.1710,0.0000,11450.0000
3.1709,0.0000,11500.0000
3.1707,0.0000,11550.0000
3.1706,0.0000,11600.0000
3.1705,0.0000,11650.0000
3.1703,0.0000,11700.0000
3.1702,0.0000,11750.0000
3.1701,0.0000,11800.0000
3.1700,0.0000,11850.0000
3.1700,0.0000,11900.0000
3.1699,0.0000,11950.0000
3.1698,0.0000,12000.0000
3.1698,0.0000,12050.0000
3.1698,0.0000,12100.0000
3.1697,0.0000,12150.0000
3.1696,0.0000,12200.0000
3.1695,0.0000,12250.0000
3.1695,0.0000,12300.0000
3.1694,0.0000,12350.0000
3.1693,0.0000,12400.0000
3.1693,0.0000,12450.0000
3.1691,0.0000,12500.0000
3.1690,0.0000,12550.0000
3.1689,0.0000,12600.0000
3.1686,0.0000,12650.0000
3.1684,0.0000,12700.0000
3.1682,0.0000,12750.0000
3.1681,0.0000,12800.0000
3.1679,0.0000,12850.0000
3.1678,0.0000,12900.0000
3.1676,0.0000,12950.0000
3.1675,0.0000,13000.0000
3.1674,0.0000,13050.0000
3.1673,0.0000,13100.0000
3.1673,0.0000,13150.0000
3.1671,0.0000,13200.0000
3.1671,0.0000,13250.0000
3.1669,0.0000,13300.0000
3.1661,0.0000,13350.0000
3.1661,0.0000,13400.0000
3.1659,0.0000,13450.0000
3.1654,0.0000,13500.0000
3.1651,0.0000,13550.0000
3.1645,0.0000,13600.0000
3.1640,0.0000,13650.0000
3.1636,0.0000,13700.0000
3.1632,0.0000,13750.0000
3.1631,0.0000,13800.0000
3.1627,0.0000,13850.0000
3.1624,0.0000,13900.0000
3.1622,0.0000,13950.0000
3.1618,0.0000,14000.0000
3.1612,0.0000,14050.0000
3.1601,0.0000,14100.0000
3.1601,0.0000,14150.0000
3.1594,0.0000,14200.0000
3.1584,0.0000,14250.0000
3.1583,0.0000,14300.0000
3.1569,0.0000,14350.0000
3.1565,0.0000,14400.0000
3.1562,0.0000,14450.0000
3.1549,0.0000,14500.0000
3.1548,0.0000,14550.0000
3.1540,0.0000,14600.0000
3.1531,0.0000,14650.0000
3.1520,0.0000,14700.0000
3.1510,0.0000,14750.0000
3.1510,0.0000,14800.0000
3.1504,0.0000,14850.0000
3.1501,0.0000,14900.0000
3.1496,0.0000,14950.0000
3.1496,0.0000,15000.0000
3.1491,0.0000,15050.0000
3.1483,0.0000,15100.0000
3.1467,0.0000,15150.0000
3.1467,0.0000,15200.0000
3.1446,0.0000,15250.0000
3.1425,0.0000,15300.0000
3.1402,0.0000,15350.0000
3.1392,0.0000,15400.0000
3.1370,0.0000,15450.0000
3.1364,0.0000,15500.0000
3.1356,0.0000,15550.0000
3.1348,0.0000,15600.0000
3.1325,0.0000,15650.0000
3.1312,0.0000,15700.0000
3.1277,0.0000,15750.0000
3.1261,0.0000,15800.0000
3.1239,0.0000,15850.0000
3.1228,0.0000,15900.0000
3.1190,0.0000,15950.0000
3.1149,0.0000,16000.0000
3.1119,0.0000,16050.0000
3.1082,0.0000,16100.0000
3.1078,0.0000,16150.0000
3.1073,0.0000,16200.0000
3.1068,0.0000,16250.0000
3.1054,0.0000,16300.0000
3.1054,0.0000,16350.0000
3.1054,0.0000,16400.0000
3.1052,0.0000,16450.0000
3.1052,0.0000,16500.0000
3.1052,0.0000,16550.0000
3.1050,0.0000,16600.0000
3.1035,0.0000,16650.0000
3.1035,0.0000,16700.0000
3.1035,0.0000,16750.0000
3.1035,0.0000,16800.0000
3.1034,0.0000,16850.0000
3.1034,0.0000,16900.0000
3.1032,0.0000,16950.0000
3.1029,0.0000,17000.0000
3.1022,0.0000,17050.0000
3.1020,0.0000,17100.0000
3.1017,0.0000,17150.0000
3.1011,0.0000,17200.0000
3.1011,0.0000,17250.0000
3.1010,0.0000,17300.0000
3.1008,0.0000,17350.0000
3.1004,0.0000,17400.0000
3.0994,0.0000,17450.0000
3.0994,0.0000,17500.0000
3.0987,0.0000,17550.0000
3.0986,0.0000,17600.0000
3.0973,0.0000,17650.0000
3.0966,0.0000,17700.0000
3.0963,0.0000,17750.0000
3.0960,0.0000,17800.0000
3.0953,0.0000,17850.0000
3.0952,0.0000,17900.0000
3.0947,0.0000,17950.0000
3.0939,0.0000,18000.0000
3.0935,0.0000,18050.0000
3.0935,0.0000,18100.0000
3.0927,0.0000,18150.0000
3.0921,0.0000,18200.0000
3.0918,0.0000,18250.0000
3.0910,0.0000,18300.0000
3.0906,0.0000,18350.0000
3.0900,0.0000,18400.0000
3.0893,0.0000,18450.0000
3.0890,0.0000,18500.0000
3.0888,0.0000,18550.0000
3.0881,0.0000,18600.0000
3.0881,0.0000,18650.0000
3.0880,0.0000,18700.0000
3.0878,0.0000,18750.0000
3.0877,0.0000,18800.0000
3.0875,0.0000,18850.0000
3.0865,0.0000,18900.0000
3.0865,0.0000,18950.0000
3.0863,0.0000,19000.0000
3.0862,0.0000,19050.0000
3.0862,0.0000,19100.0000
3.0861,0.0000,19150.0000
3.0856,0.0000,19200.0000
3.0856,0.0000,19250.0000
3.0856,0.0000,19300.0000
3.0854,0.0000,19350.0000
3.0853,0.0000,19400.0000
3.0853,0.0000,19450.0000
3.0853,0.0000,19500.0000
3.0850,0.0000,19550.0000
3.0850,0.0000,19600.0000
3.0850,0.0000,19650.0000
3.0850,0.0000,19700.0000
3.0850,0.0000,19750.0000
3.0849,0.0000,19800.0000
3.0849,0.0000,19850.0000
3.0849,0.0000,19900.0000
3.0848,0.0000,19950.0000
3.0848,0.0000,20000.0000
3.0848,0.0000,20050.0000
3.0848,0.0000,20100.0000
3.0848,0.0000,20150.0000
3.0848,0.0000,20200.0000
3.0847,0.0000,20250.0000
3.0847,0.0000,20300.0000
3.0847,0.0000,20350.0000
3.0847,0.0000,20400.0000
3.0847,0.0000,20450.0000
3.0847,0.0000,20500.0000
3.0847,0.0000,20550.0000
3.0847,0.0000,20600.0000
3.0846,0.0000,20650.0000
3.0846,0.0000,20700.0000
3.0846,0.0000,20750.0000
3.0846,0.0000,20800.0000
3.0846,0.0000,20850.0000
3.0846,0.0000,20900.0000
3.0846,0.0000,20950.0000
3.0846,0.0000,21000.0000
3.0846,0.0000,21050.0000
3.0846,0.0000,21100.0000
3.0846,0.0000,21150.0000
3.0846,0.0000,21200.0000
3.0846,0.0000,21250.0000
3.0846,0.0000,21300.0000
3.0846,0.0000,21350.0000
3.0846,0.0000,21400.0000
3.0846,0.0000,21450.0000
3.0846,0.0000,21500.0000
3.0846,0.0000,21550.0000
3.0846,0.0000,21600.0000
3.0846,0.0000,21650.0000
3.0846,0.0000,21700.0000
3.0846,0.0000,21750.0000
3.0846,0.0000,21800.0000
3.0846,0.0000,21850.0000
3.0846,0.0000,21900.0000
3.0846,0.0000,21950.0000
3.0846,0.0000,22000.0000
3.0846,0.0000,22050.0000
3.0846,0.0000,22100.0000
3.0846,0.0000,22150.0000
3.0846,0.0000,22200.0000
3.0846,0.0000,22250.0000
3.0846,0.0000,22300.0000
3.0846,0.0000,22350.0000
3.0846,0.0000,22400.0000
3.0846,0.0000,22450.0000
3.0846,0.0000,22500.0000
3.0846,0.0000,22550.0000
3.0846,0.0000,22600.0000
3.0846,0.0000,22650.0000
3.0846,0.0000,22700.0000
3.0846,0.0000,22750.0000
3.0846,0.0000,22800.0000
3.0846,0.0000,22850.0000
3.0846,0.0000,22900.0000
3.0846,0.0000,22950.0000
3.0846,0.0000,23000.0000
3.0846,0.0000,23050.0000
3.0846,0.0000,23100.0000
3.0846,0.0000,23150.0000
3.0846,0.0000,23200.0000
3.0846,0.0000,23250.0000
3.0846,0.0000,23300.0000
3.0846,0.0000,23350.0000
3.0846,0.0000,23400.0000
3.0846,0.0000,23450.0000
3.0846,0.0000,23500.0000
3.0846,0.0000,23550.0000
3.0846,0.0000,23600.0000
3.0846,0.0000,23650.0000
3.0846,0.0000,23700.0000
3.0846,0.0000,23750.0000
3.0846,0.0000,23800.0000
3.0846,0.0000,23850.0000
3.0846,0.0000,23900.0000
3.0846,0.0000,23950.0000
3.0846,0.0000,24000.0000
3.0846,0.0000,24050.0000
3.0846,0.0000,24100.0000
3.0846,0.0000,24150.0000
3.0846,0.0000,24200.0000
3.0846,0.0000,24250.0000
3.0846,0.0000,24300.0000
3.0846,0.0000,24350.0000
3.0846,0.0000,24400.0000
3.0846,0.0000,24450.0000
3.0846,0.0000,24500.0000
3.0846,0.0000,24550.0000
3.0846,0.0000,24600.0000
3.0846,0.0000,24650.0000
3.0846,0.0000,24700.0000
3.0846,0.0000,24750.0000
3.0846,0.0000,24800.0000
3.0845,0.0000,24850.0000
3.0845,0.0000,24900.0000
3.0845,0.0000,24950.0000
3.0845,0.0000,25000.0000
3.0845,0.0000,25050.0000
3.0845,0.0000,25100.0000
3.0845,0.0000,25150.0000
3.0845,0.0000,25200.0000
3.0845,0.0000,25250.0000
3.0845,0.0000,25300.0000
3.0845,0.0000,25350.0000
3.0845,0.0000,25400.0000
3.0845,0.0000,25450.0000
3.0845,0.0000,25500.0000
3.0845,0.0000,25550.0000
3.0845,0.0000,25600.0000
3.0845,0.0000,25650.0000
3.0845,0.0000,25700.0000
3.0845,0.0000,25750.0000
3.0845,0.0000,25800.0000
3.0845,0.0000,25850.0000
3.0845,0.0000,25900.0000
3.0845,0.0000,25950.0000
3.0845,0.0000,26000.0000
3.0845,0.0000,26050.0000
3.0845,0.0000,26100.0000
3.0845,0.0000,26150.0000
3.0845,0.0000,26200.0000
3.0845,0.0000,26250.0000
3.0845,0.0000,26300.0000
3.0845,0.0000,26350.0000
3.0845,0.0000,26400.0000
3.0845,0.0000,26450.0000
3.0845,0.0000,26500.0000
3.0845,0.0000,26550.0000
3.0845,0.0000,26600.0000
3.0845,0.0000,26650.0000
3.0845,0.0000,26700.0000
3.0845,0.0000,26750.0000
3.0844,0.0000,26800.0000
3.0844,0.0000,26850.0000
3.0844,0.0000,26900.0000
3.0844,0.0000,26950.0000
3.0844,0.0000,27000.0000
3.0844,0.0000,27050.0000
3.0844,0.0000,27100.0000
3.0844,0.0000,27150.0000
3.0844,0.0000,27200.0000
3.0844,0.0000,27250.0000
3.0844,0.0000,27300.0000
3.0844,0.0000,27350.0000
3.0844,0.0000,27400.0000
3.0844,0.0000,27450.0000
3.0844,0.0000,27500.0000
3.0844,0.0000,27550.0000
3.0844,0.0000,27600.0000
3.0844,0.0000,27650.0000
3.0844,0.0000,27700.0000
3.0844,0.0000,27750.0000
3.0844,0.0000,27800.0000
3.0844,0.0000,27850.0000
3.0844,0.0000,27900.0000
3.0844,0.0000,27950.0000
3.0844,0.0000,28000.0000
3.0844,0.0000,28050.0000
3.0844,0.0000,28100.0000
3.0844,0.0000,28150.0000
3.0844,0.0000,28200.0000
3.0844,0.0000,28250.0000
3.0844,0.0000,28300.0000
3.0844,0.0000,28350.0000
3.0844,0.0000,28400.0000
3.0844,0.0000,28450.0000
3.0844,0.0000,28500.0000
3.0844,0.0000,28550.0000
3.0844,0.0000,28600.0000
3.0844,0.0000,28650.0000
3.0844,0.0000,28700.0000
3.0844,0.0000,28750.0000
3.0844,0.0000,28800.0000
3.0844,0.0000,28850.0000
3.0844,0.0000,28900.0000
3.0844,0.0000,28950.0000
3.0844,0.0000,29000.0000
3.0844,0.0000,29050.0000
3.0844,0.0000,29100.0000
3.0844,0.0000,29150.0000
3.0844,0.0000,29200.0000
3.0843,0.0000,29250.0000
3.0843,0.0000,29300.0000
3.0843,0.0000,29350.0000
3.0843,0.0000,29400.0000
3.0843,0.0000,29450.0000
3.0843,0.0000,29500.0000
3.0843,0.0000,29550.0000
3.0843,0.0000,29600.0000
3.0843,0.0000,29650.0000
3.0843,0.0000,29700.0000
3.0843,0.0000,29750.0000
3.0843,0.0000,29800.0000
3.0843,0.0000,29850.0000
3.0843,0.0000,29900.0000
3.0843,0.0000,29950.0000
3.0843,0.0000,30000.0000
3.0843,0.0000,30050.0000
