864.8554,0.0000,100.0000
860.1827,0.0000,150.0000
859.7486,0.0000,200.0000
859.7486,0.0000,250.0000
854.9009,0.0000,300.0000
851.8625,0.0000,350.0000
851.8625,0.0000,400.0000
851.8625,0.0000,450.0000
849.9759,0.0000,500.0000
845.2994,0.0000,550.0000
845.0048,0.0000,600.0000
845.0048,0.0000,650.0000
845.0048,0.0000,700.0000
844.6640,0.0000,750.0000
844.6607,0.0000,800.0000
844.6607,0.0000,850.0000
844.6607,0.0000,900.0000
842.0458,0.0000,950.0000
841.0028,0.0000,1000.0000
840.1121,0.0000,1050.0000
839.5532,0.0000,1100.0000
837.8789,0.0000,1150.0000
836.9714,0.0000,1200.0000
836.2455,0.0000,1250.0000
836.1545,0.0000,1300.0000
836.1545,0.0000,1350.0000
835.8933,0.0000,1400.0000
835.8758,0.0000,1450.0000
835.8758,0.0000,1500.0000
835.6710,0.0000,1550.0000
835.6710,0.0000,1600.0000
835.6317,0.0000,1650.0000
835.5094,0.0000,1700.0000
835.2081,0.0000,1750.0000
835.2081,0.0000,1800.0000
835.0286,0.0000,1850.0000
834.7803,0.0000,1900.0000
834.7245,0.0000,1950.0000
834.7169,0.0000,2000.0000
834.5165,0.0000,2050.0000
834.4458,0.0000,2100.0000
834.2766,0.0000,2150.0000
833.9398,0.0000,2200.0000
833.9398,0.0000,2250.0000
833.8312,0.0000,2300.0000
833.7943,0.0000,2350.0000
833.7152,0.0000,2400.0000
833.6604,0.0000,2450.0000
833.5439,0.0000,2500.0000
833.5227,0.0000,2550.0000
833.4611,0.0000,2600.0000
833.4611,0.0000,2650.0000
833.4237,0.0000,2700.0000
833.3250,0.0000,2750.0000
833.2382,0.0000,2800.0000
833.2382,0.0000,2850.0000
833.0626,0.0000,2900.0000
833.0626,0.0000,2950.0000
832.9823,0.0000,3000.0000
832.9823,0.0000,3050.0000
832.9536,0.0000,3100.0000
832.9452,0.0000,3150.0000
832.9194,0.0000,3200.0000
832.9022,0.0000,3250.0000
832.8908,0.0000,3300.0000
832.8417,0.0000,3350.0000
832.8357,0.0000,3400.0000
832.8273,0.0000,3450.0000
832.8143,0.0000,3500.0000
832.7841,0.0000,3550.0000
832.7500,0.0000,3600.0000
832.7228,0.0000,3650.0000
832.6909,0.0000,3700.0000
832.6450,0.0000,3750.0000
832.5891,0.0000,3800.0000
832.5595,0.0000,3850.0000
832.5328,0.0000,3900.0000
832.5306,0.0000,3950.0000
832.5124,0.0000,4000.0000
832.4899,0.0000,4050.0000
832.4753,0.0000,4100.0000
832.4525,0.0000,4150.0000
832.4231,0.0000,4200.0000
832.4231,0.0000,4250.0000
832.4231,0.0000,4300.0000
832.4149,0.0000,4350.0000
832.4113,0.0000,4400.0000
832.3973,0.0000,4450.0000
832.3937,0.0000,4500.0000
832.3869,0.0000,4550.0000
832.3869,0.0000,4600.0000
832.3770,0.0000,4650.0000
832.3611,0.0000,4700.0000
832.3507,0.0000,4750.0000
832.3507,0.0000,4800.0000
832.3441,0.0000,4850.0000
832.3354,0.0000,4900.0000
832.3297,0.0000,4950.0000
832.3297,0.0000,5000.0000
832.3237,0.0000,5050.0000
832.3228,0.0000,5100.0000
832.3208,0.0000,5150.0000
832.3205,0.0000,5200.0000
832.3200,0.0000,5250.0000
832.3165,0.0000,5300.0000
832.3165,0.0000,5350.0000
832.3151,0.0000,5400.0000
832.3145,0.0000,5450.0000
832.3133,0.0000,5500.0000
832.3086,0.0000,5550.0000
832.3086,0.0000,5600.0000
832.3086,0.0000,5650.0000
832.3069,0.0000,5700.0000
832.3069,0.0000,5750.0000
832.3059,0.0000,5800.0000
832.3042,0.0000,5850.0000
832.3041,0.0000,5900.0000
832.3021,0.0000,5950.0000
832.3007,0.0000,6000.0000
832.2988,0.0000,6050.0000
832.2947,0.0000,6100.0000
832.2947,0.0000,6150.0000
832.2940,0.0000,6200.0000
832.2895,0.0000,6250.0000
832.2895,0.0000,6300.0000
832.2895,0.0000,6350.0000
832.2879,0.0000,6400.0000
832.2879,0.0000,6450.0000
832.2869,0.0000,6500.0000
832.2865,0.0000,6550.0000
832.2863,0.0000,6600.0000
832.2852,0.0000,6650.0000
832.2838,0.0000,6700.0000
832.2838,0.0000,6750.0000
832.2835,0.0000,6800.0000
832.2816,0.0000,6850.0000
832.2814,0.0000,6900.0000
832.2802,0.0000,6950.0000
832.2785,0.0000,7000.0000
832.2773,0.0000,7050.0000
832.2768,0.0000,7100.0000
832.2736,0.0000,7150.0000
832.2736,0.0000,7200.0000
832.2712,0.0000,7250.0000
832.2694,0.0000,7300.0000
832.2683,0.0000,7350.0000
832.2652,0.0000,7400.0000
832.2651,0.0000,7450.0000
832.2629,0.0000,7500.0000
832.2605,0.0000,7550.0000
832.2587,0.0000,7600.0000
832.2563,0.0000,7650.0000
832.2538,0.0000,7700.0000
832.2511,0.0000,7750.0000
832.2487,0.0000,7800.0000
832.2457,0.0000,7850.0000
832.2427,0.0000,7900.0000
832.2395,0.0000,7950.0000
832.2387,0.0000,8000.0000
832.2386,0.0000,8050.0000
832.2384,0.0000,8100.0000
832.2384,0.0000,8150.0000
832.2382,0.0000,8200.0000
832.2382,0.0000,8250.0000
832.2375,0.0000,8300.0000
832.2372,0.0000,8350.0000
832.2362,0.0000,8400.0000
832.2361,0.0000,8450.0000
832.2360,0.0000,8500.0000
832.2352,0.0000,8550.0000
832.2346,0.0000,8600.0000
832.2344,0.0000,8650.0000
832.2339,0.0000,8700.0000
832.2337,0.0000,8750.0000
832.2334,0.0000,8800.0000
832.2334,0.0000,8850.0000
832.2332,0.0000,8900.0000
832.2330,0.0000,8950.0000
832.2327,0.0000,9000.0000
832.2323,0.0000,9050.0000
832.2316,0.0000,9100.0000
832.2316,0.0000,9150.0000
832.2315,0.0000,9200.0000
832.2313,0.0000,9250.0000
832.2311,0.0000,9300.0000
832.2309,0.0000,9350.0000
832.2308,0.0000,9400.0000
832.2306,0.0000,9450.0000
832.2306,0.0000,9500.0000
832.2305,0.0000,9550.0000
832.2304,0.0000,9600.0000
832.2304,0.0000,9650.0000
832.2304,0.0000,9700.0000
832.2304,0.0000,9750.0000
832.2303,0.0000,9800.0000
832.2300,0.0000,9850.0000
832.2298,0.0000,9900.0000
832.2294,0.0000,9950.0000
832.2292,0.0000,10000.0000
832.2288,0.0000,10050.0000
832.2281,0.0000,10100.0000
832.2280,0.0000,10150.0000
832.2276,0.0000,10200.0000
832.2276,0.0000,10250.0000
832.2275,0.0000,10300.0000
832.2273,0.0000,10350.0000
832.2272,0.0000,10400.0000
832.2269,0.0000,10450.0000
832.2269,0.0000,10500.0000
832.2267,0.0000,10550.0000
832.2266,0.0000,10600.0000
832.2262,0.0000,10650.0000
832.2262,0.0000,10700.0000
832.2262,0.0000,10750.0000
832.2262,0.0000,10800.0000
832.2259,0.0000,10850.0000
832.2256,0.0000,10900.0000
832.2254,0.0000,10950.0000
832.2252,0.0000,11000.0000
832.2249,0.0000,11050.0000
832.2247,0.0000,11100.0000
832.2242,0.0000,11150.0000
832.2237,0.0000,11200.0000
832.2231,0.0000,11250.0000
832.2226,0.0000,11300.0000
832.2219,0.0000,11350.0000
832.2217,0.0000,11400.0000
832.2210,0.0000,11450.0000
832.2207,0.0000,11500.0000
832.2197,0.0000,11550.0000
832.2197,0.0000,11600.0000
832.2187,0.0000,11650.0000
832.2183,0.0000,11700.0000
832.2176,0.0000,11750.0000
832.2174,0.0000,11800.0000
832.2171,0.0000,11850.0000
832.2165,0.0000,11900.0000
832.2160,0.0000,11950.0000
832.2159,0.0000,12000.0000
832.2145,0.0000,12050.0000
832.2138,0.0000,12100.0000
832.2132,0.0000,12150.0000
832.2131,0.0000,12200.0000
832.2124,0.0000,12250.0000
832.2124,0.0000,12300.0000
832.2123,0.0000,12350.0000
832.2123,0.0000,12400.0000
832.2123,0.0000,12450.0000
832.2120,0.0000,12500.0000
832.2119,0.0000,12550.0000
832.2116,0.0000,12600.0000
832.2111,0.0000,12650.0000
832.2108,0.0000,12700.0000
832.2097,0.0000,12750.0000
832.2097,0.0000,12800.0000
832.2087,0.0000,12850.0000
832.2073,0.0000,12900.0000
832.2062,0.0000,12950.0000
832.2058,0.0000,13000.0000
832.2054,0.0000,13050.0000
832.2054,0.0000,13100.0000
832.2049,0.0000,13150.0000
832.2049,0.0000,13200.0000
832.2041,0.0000,13250.0000
832.2041,0.0000,13300.0000
832.2037,0.0000,13350.0000
832.2029,0.0000,13400.0000
832.2027,0.0000,13450.0000
832.2007,0.0000,13500.0000
832.2007,0.0000,13550.0000
832.2004,0.0000,13600.0000
832.1992,0.0000,13650.0000
832.1985,0.0000,13700.0000
832.1965,0.0000,13750.0000
832.1957,0.0000,13800.0000
832.1951,0.0000,13850.0000
832.1935,0.0000,13900.0000
832.1915,0.0000,13950.0000
832.1915,0.0000,14000.0000
832.1912,0.0000,14050.0000
832.1910,0.0000,14100.0000
832.1903,0.0000,14150.0000
832.1895,0.0000,14200.0000
832.1886,0.0000,14250.0000
832.1886,0.0000,14300.0000
832.1877,0.0000,14350.0000
832.1868,0.0000,14400.0000
832.1862,0.0000,14450.0000
832.1857,0.0000,14500.0000
832.1855,0.0000,14550.0000
832.1830,0.0000,14600.0000
832.1830,0.0000,14650.0000
832.1795,0.0000,14700.0000
832.1790,0.0000,14750.0000
832.1772,0.0000,14800.0000
832.1736,0.0000,14850.0000
832.1720,0.0000,14900.0000
832.1705,0.0000,14950.0000
832.1687,0.0000,15000.0000
832.1656,0.0000,15050.0000
832.1647,0.0000,15100.0000
832.1625,0.0000,15150.0000
832.1625,0.0000,15200.0000
832.1612,0.0000,15250.0000
832.1606,0.0000,15300.0000
832.1596,0.0000,15350.0000
832.1580,0.0000,15400.0000
832.1580,0.0000,15450.0000
832.1564,0.0000,15500.0000
832.1559,0.0000,15550.0000
832.1559,0.0000,15600.0000
832.1549,0.0000,15650.0000
832.1545,0.0000,15700.0000
832.1540,0.0000,15750.0000
832.1535,0.0000,15800.0000
832.1531,0.0000,15850.0000
832.1527,0.0000,15900.0000
832.1520,0.0000,15950.0000
832.1520,0.0000,16000.0000
832.1519,0.0000,16050.0000
832.1513,0.0000,16100.0000
832.1502,0.0000,16150.0000
832.1502,0.0000,16200.0000
832.1502,0.0000,16250.0000
832.1497,0.0000,16300.0000
832.1490,0.0000,16350.0000
832.1479,0.0000,16400.0000
832.1472,0.0000,16450.0000
832.1463,0.0000,16500.0000
832.1454,0.0000,16550.0000
832.1443,0.0000,16600.0000
832.1438,0.0000,16650.0000
832.1427,0.0000,16700.0000
832.1419,0.0000,16750.0000
832.1416,0.0000,16800.0000
832.1404,0.0000,16850.0000
832.1383,0.0000,16900.0000
832.1383,0.0000,16950.0000
832.1382,0.0000,17000.0000
832.1369,0.0000,17050.0000
832.1352,0.0000,17100.0000
832.1352,0.0000,17150.0000
832.1339,0.0000,17200.0000
832.1335,0.0000,17250.0000
832.1332,0.0000,17300.0000
832.1322,0.0000,17350.0000
832.1307,0.0000,17400.0000
832.1297,0.0000,17450.0000
832.1290,0.0000,17500.0000
832.1286,0.0000,17550.0000
832.1281,0.0000,17600.0000
832.1281,0.0000,17650.0000
832.1270,0.0000,17700.0000
832.1270,0.0000,17750.0000
832.1258,0.0000,17800.0000
832.1243,0.0000,17850.0000
832.1233,0.0000,17900.0000
832.1223,0.0000,17950.0000
832.1222,0.0000,18000.0000
832.1200,0.0000,18050.0000
832.1194,0.0000,18100.0000
832.1185,0.0000,18150.0000
832.1180,0.0000,18200.0000
832.1167,0.0000,18250.0000
832.1138,0.0000,18300.0000
832.1132,0.0000,18350.0000
832.1116,0.0000,18400.0000
832.1105,0.0000,18450.0000
832.1105,0.0000,18500.0000
832.1105,0.0000,18550.0000
832.1105,0.0000,18600.0000
832.1100,0.0000,18650.0000
832.1090,0.0000,18700.0000
832.1090,0.0000,18750.0000
832.1086,0.0000,18800.0000
832.1078,0.0000,18850.0000
832.1077,0.0000,18900.0000
832.1070,0.0000,18950.0000
832.1057,0.0000,19000.0000
832.1057,0.0000,19050.0000
832.1049,0.0000,19100.0000
832.1047,0.0000,19150.0000
832.1031,0.0000,19200.0000
832.1031,0.0000,19250.0000
832.1029,0.0000,19300.0000
832.1021,0.0000,19350.0000
832.1008,0.0000,19400.0000
832.0999,0.0000,19450.0000
832.0986,0.0000,19500.0000
832.0963,0.0000,19550.0000
832.0944,0.0000,19600.0000
832.0935,0.0000,19650.0000
832.0931,0.0000,19700.0000
832.0912,0.0000,19750.0000
832.0901,0.0000,19800.0000
832.0893,0.0000,19850.0000
832.0893,0.0000,19900.0000
832.0891,0.0000,19950.0000
832.0885,0.0000,20000.0000
832.0885,0.0000,20050.0000
832.0883,0.0000,20100.0000
832.0883,0.0000,20150.0000
832.0878,0.0000,20200.0000
832.0878,0.0000,20250.0000
832.0872,0.0000,20300.0000
832.0870,0.0000,20350.0000
832.0867,0.0000,20400.0000
832.0861,0.0000,20450.0000
832.0858,0.0000,20500.0000
832.0854,0.0000,20550.0000
832.0852,0.0000,20600.0000
832.0849,0.0000,20650.0000
832.0846,0.0000,20700.0000
832.0844,0.0000,20750.0000
832.0840,0.0000,20800.0000
832.0837,0.0000,20850.0000
832.0834,0.0000,20900.0000
832.0834,0.0000,20950.0000
832.0832,0.0000,21000.0000
832.0832,0.0000,21050.0000
832.0830,0.0000,21100.0000
832.0830,0.0000,21150.0000
832.0828,0.0000,21200.0000
832.0826,0.0000,21250.0000
832.0825,0.0000,21300.0000
832.0822,0.0000,21350.0000
832.0818,0.0000,21400.0000
832.0818,0.0000,21450.0000
832.0818,0.0000,21500.0000
832.0814,0.0000,21550.0000
832.0811,0.0000,21600.0000
832.0808,0.0000,21650.0000
832.0805,0.0000,21700.0000
832.0801,0.0000,21750.0000
832.0801,0.0000,21800.0000
832.0792,0.0000,21850.0000
832.0791,0.0000,21900.0000
832.0789,0.0000,21950.0000
832.0789,0.0000,22000.0000
832.0780,0.0000,22050.0000
832.0780,0.0000,22100.0000
832.0780,0.0000,22150.0000
832.0780,0.0000,22200.0000
832.0779,0.0000,22250.0000
832.0776,0.0000,22300.0000
832.0775,0.0000,22350.0000
832.0774,0.0000,22400.0000
832.0772,0.0000,22450.0000
832.0771,0.0000,22500.0000
832.0770,0.0000,22550.0000
832.0769,0.0000,22600.0000
832.0768,0.0000,22650.0000
832.0767,0.0000,22700.0000
832.0767,0.0000,22750.0000
832.0765,0.0000,22800.0000
832.0764,0.0000,22850.0000
832.0764,0.0000,22900.0000
832.0763,0.0000,22950.0000
832.0763,0.0000,23000.0000
832.0762,0.0000,23050.0000
832.0762,0.0000,23100.0000
832.0761,0.0000,23150.0000
832.0760,0.0000,23200.0000
832.0760,0.0000,23250.0000
832.0760,0.0000,23300.0000
832.0760,0.0000,23350.0000
832.0759,0.0000,23400.0000
832.0759,0.0000,23450.0000
832.0759,0.0000,23500.0000
832.0759,0.0000,23550.0000
832.0759,0.0000,23600.0000
832.0759,0.0000,23650.0000
832.0759,0.0000,23700.0000
832.0758,0.0000,23750.0000
832.0758,0.0000,23800.0000
832.0758,0.0000,23850.0000
832.0758,0.0000,23900.0000
832.0758,0.0000,23950.0000
832.0758,0.0000,24000.0000
832.0758,0.0000,24050.0000
832.0758,0.0000,24100.0000
832.0757,0.0000,24150.0000
832.0757,0.0000,24200.0000
832.0757,0.0000,24250.0000
832.0756,0.0000,24300.0000
832.0756,0.0000,24350.0000
832.0756,0.0000,24400.0000
832.0756,0.0000,24450.0000
832.0755,0.0000,24500.0000
832.0755,0.0000,24550.0000
832.0755,0.0000,24600.0000
832.0755,0.0000,24650.0000
832.0755,0.0000,24700.0000
832.0754,0.0000,24750.0000
832.0754,0.0000,24800.0000
832.0753,0.0000,24850.0000
832.0753,0.0000,24900.0000
832.0753,0.0000,24950.0000
832.0753,0.0000,25000.0000
832.0752,0.0000,25050.0000
832.0752,0.0000,25100.0000
832.0751,0.0000,25150.0000
832.0751,0.0000,25200.0000
832.0751,0.0000,25250.0000
832.0750,0.0000,25300.0000
832.0750,0.0000,25350.0000
832.0750,0.0000,25400.0000
832.0750,0.0000,25450.0000
832.0750,0.0000,25500.0000
832.0750,0.0000,25550.0000
832.0749,0.0000,25600.0000
832.0749,0.0000,25650.0000
832.0749,0.0000,25700.0000
832.0748,0.0000,25750.0000
832.0748,0.0000,25800.0000
832.0747,0.0000,25850.0000
832.0746,0.0000,25900.0000
832.0746,0.0000,25950.0000
832.0746,0.0000,26000.0000
832.0746,0.0000,26050.0000
832.0746,0.0000,26100.0000
832.0746,0.0000,26150.0000
832.0745,0.0000,26200.0000
832.0745,0.0000,26250.0000
832.0745,0.0000,26300.0000
832.0744,0.0000,26350.0000
832.0744,0.0000,26400.0000
832.0743,0.0000,26450.0000
832.0743,0.0000,26500.0000
832.0743,0.0000,26550.0000
832.0743,0.0000,26600.0000
832.0743,0.0000,26650.0000
832.0743,0.0000,26700.0000
832.0743,0.0000,26750.0000
832.0743,0.0000,26800.0000
832.0742,0.0000,26850.0000
832.0742,0.0000,26900.0000
832.0742,0.0000,26950.0000
832.0742,0.0000,27000.0000
832.0742,0.0000,27050.0000
832.0742,0.0000,27100.0000
832.0742,0.0000,27150.0000
832.0742,0.0000,27200.0000
832.0742,0.0000,27250.0000
832.0741,0.0000,27300.0000
832.0741,0.0000,27350.0000
832.0741,0.0000,27400.0000
832.0741,0.0000,27450.0000
832.0741,0.0000,27500.0000
832.0741,0.0000,27550.0000
832.0741,0.0000,27600.0000
832.0741,0.0000,27650.0000
832.0741,0.0000,27700.0000
832.0741,0.0000,27750.0000
832.0741,0.0000,27800.0000
832.0741,0.0000,27850.0000
832.0741,0.0000,27900.0000
832.0741,0.0000,27950.0000
832.0741,0.0000,28000.0000
832.0741,0.0000,28050.0000
832.0741,0.0000,28100.0000
832.0741,0.0000,28150.0000
832.0741,0.0000,28200.0000
832.0740,0.0000,28250.0000
832.0740,0.0000,28300.0000
832.0740,0.0000,28350.0000
832.0740,0.0000,28400.0000
832.0740,0.0000,28450.0000
832.0740,0.0000,28500.0000
832.0740,0.0000,28550.0000
832.0740,0.0000,28600.0000
832.0740,0.0000,28650.0000
832.0740,0.0000,28700.0000
832.0740,0.0000,28750.0000
832.0740,0.0000,28800.0000
832.0740,0.0000,28850.0000
832.0740,0.0000,28900.0000
832.0740,0.0000,28950.0000
832.0740,0.0000,29000.0000
832.0740,0.0000,29050.0000
832.0740,0.0000,29100.0000
832.0740,0.0000,29150.0000
832.0740,0.0000,29200.0000
832.0740,0.0000,29250.0000
832.0740,0.0000,29300.0000
832.0739,0.0000,29350.0000
832.0739,0.0000,29400.0000
832.0739,0.0000,29450.0000
832.0739,0.0000,29500.0000
832.0739,0.0000,29550.0000
832.0739,0.0000,29600.0000
832.0739,0.0000,29650.0000
832.0739,0.0000,29700.0000
832.0739,0.0000,29750.0000
832.0739,0.0000,29800.0000
832.0739,0.0000,29850.0000
832.0739,0.0000,29900.0000
832.0739,0.0000,29950.0000
832.0739,0.0000,30000.0000
832.0739,0.0000,30050.0000
