867.5304,0.0305,100.0000
865.1427,0.0131,150.0000
865.1427,0.0131,200.0000
886.0636,0.0000,250.0000
886.0636,0.0000,300.0000
886.0636,0.0000,350.0000
858.9839,0.0000,400.0000
858.9839,0.0000,450.0000
858.9839,0.0000,500.0000
858.9839,0.0000,550.0000
858.9839,0.0000,600.0000
850.9544,0.0000,650.0000
850.9544,0.0000,700.0000
850.9544,0.0000,750.0000
846.3122,0.0000,800.0000
845.2264,0.0000,850.0000
845.2264,0.0000,900.0000
845.2264,0.0000,950.0000
844.6701,0.0000,1000.0000
844.6701,0.0000,1050.0000
842.6363,0.0000,1100.0000
842.4237,0.0000,1150.0000
842.4237,0.0000,1200.0000
842.4237,0.0000,1250.0000
841.1568,0.0000,1300.0000
841.1568,0.0000,1350.0000
840.1551,0.0000,1400.0000
840.1551,0.0000,1450.0000
839.5015,0.0000,1500.0000
838.9399,0.0000,1550.0000
838.2645,0.0000,1600.0000
838.2645,0.0000,1650.0000
838.0616,0.0000,1700.0000
838.0616,0.0000,1750.0000
837.8053,0.0000,1800.0000
837.5434,0.0000,1850.0000
837.3566,0.0000,1900.0000
837.2836,0.0000,1950.0000
836.7168,0.0000,2000.0000
836.7168,0.0000,2050.0000
836.5012,0.0000,2100.0000
836.4788,0.0000,2150.0000
836.3384,0.0000,2200.0000
836.1030,0.0000,2250.0000
835.8531,0.0000,2300.0000
835.7660,0.0000,2350.0000
835.7660,0.0000,2400.0000
835.4842,0.0000,2450.0000
835.3596,0.0000,2500.0000
835.3068,0.0000,2550.0000
835.3068,0.0000,2600.0000
835.3068,0.0000,2650.0000
835.1132,0.0000,2700.0000
835.0600,0.0000,2750.0000
834.8492,0.0000,2800.0000
834.6401,0.0000,2850.0000
834.5571,0.0000,2900.0000
834.4139,0.0000,2950.0000
834.2777,0.0000,3000.0000
834.1424,0.0000,3050.0000
834.0784,0.0000,3100.0000
833.9427,0.0000,3150.0000
833.8304,0.0000,3200.0000
833.8304,0.0000,3250.0000
833.8304,0.0000,3300.0000
833.8176,0.0000,3350.0000
833.7813,0.0000,3400.0000
833.7464,0.0000,3450.0000
833.5670,0.0000,3500.0000
833.5670,0.0000,3550.0000
833.4748,0.0000,3600.0000
833.4161,0.0000,3650.0000
833.3322,0.0000,3700.0000
833.3138,0.0000,3750.0000
833.2837,0.0000,3800.0000
833.2509,0.0000,3850.0000
833.0962,0.0000,3900.0000
833.0962,0.0000,3950.0000
833.0579,0.0000,4000.0000
832.9791,0.0000,4050.0000
832.9494,0.0000,4100.0000
832.8774,0.0000,4150.0000
832.8475,0.0000,4200.0000
832.7901,0.0000,4250.0000
832.7253,0.0000,4300.0000
832.6896,0.0000,4350.0000
832.6638,0.0000,4400.0000
832.6638,0.0000,4450.0000
832.6638,0.0000,4500.0000
832.6638,0.0000,4550.0000
832.6308,0.0000,4600.0000
832.6308,0.0000,4650.0000
832.6308,0.0000,4700.0000
832.6308,0.0000,4750.0000
832.6214,0.0000,4800.0000
832.5940,0.0000,4850.0000
832.5761,0.0000,4900.0000
832.5761,0.0000,4950.0000
832.5741,0.0000,5000.0000
832.5529,0.0000,5050.0000
832.5529,0.0000,5100.0000
832.5449,0.0000,5150.0000
832.5449,0.0000,5200.0000
832.5449,0.0000,5250.0000
832.5293,0.0000,5300.0000
832.5224,0.0000,5350.0000
832.5224,0.0000,5400.0000
832.5224,0.0000,5450.0000
832.5224,0.0000,5500.0000
832.5205,0.0000,5550.0000
832.5151,0.0000,5600.0000
832.5113,0.0000,5650.0000
832.5103,0.0000,5700.0000
832.5042,0.0000,5750.0000
832.5016,0.0000,5800.0000
832.4980,0.0000,5850.0000
832.4970,0.0000,5900.0000
832.4944,0.0000,5950.0000
832.4910,0.0000,6000.0000
832.4870,0.0000,6050.0000
832.4860,0.0000,6100.0000
832.4828,0.0000,6150.0000
832.4792,0.0000,6200.0000
832.4783,0.0000,6250.0000
832.4699,0.0000,6300.0000
832.4699,0.0000,6350.0000
832.4577,0.0000,6400.0000
832.4577,0.0000,6450.0000
832.4577,0.0000,6500.0000
832.4547,0.0000,6550.0000
832.4499,0.0000,6600.0000
832.4499,0.0000,6650.0000
832.4489,0.0000,6700.0000
832.4417,0.0000,6750.0000
832.4417,0.0000,6800.0000
832.4319,0.0000,6850.0000
832.4299,0.0000,6900.0000
832.4242,0.0000,6950.0000
832.4217,0.0000,7000.0000
832.4152,0.0000,7050.0000
832.4131,0.0000,7100.0000
832.4131,0.0000,7150.0000
832.4096,0.0000,7200.0000
832.4096,0.0000,7250.0000
832.4087,0.0000,7300.0000
832.4062,0.0000,7350.0000
832.4039,0.0000,7400.0000
832.4002,0.0000,7450.0000
832.3985,0.0000,7500.0000
832.3949,0.0000,7550.0000
832.3911,0.0000,7600.0000
832.3843,0.0000,7650.0000
832.3777,0.0000,7700.0000
832.3750,0.0000,7750.0000
832.3627,0.0000,7800.0000
832.3577,0.0000,7850.0000
832.3544,0.0000,7900.0000
832.3479,0.0000,7950.0000
832.3439,0.0000,8000.0000
832.3424,0.0000,8050.0000
832.3424,0.0000,8100.0000
832.3424,0.0000,8150.0000
832.3403,0.0000,8200.0000
832.3393,0.0000,8250.0000
832.3363,0.0000,8300.0000
832.3359,0.0000,8350.0000
832.3346,0.0000,8400.0000
832.3329,0.0000,8450.0000
832.3324,0.0000,8500.0000
832.3292,0.0000,8550.0000
832.3291,0.0000,8600.0000
832.3291,0.0000,8650.0000
832.3263,0.0000,8700.0000
832.3263,0.0000,8750.0000
832.3245,0.0000,8800.0000
832.3245,0.0000,8850.0000
832.3233,0.0000,8900.0000
832.3190,0.0000,8950.0000
832.3190,0.0000,9000.0000
832.3177,0.0000,9050.0000
832.3160,0.0000,9100.0000
832.3136,0.0000,9150.0000
832.3104,0.0000,9200.0000
832.3097,0.0000,9250.0000
832.3096,0.0000,9300.0000
832.3078,0.0000,9350.0000
832.3066,0.0000,9400.0000
832.3054,0.0000,9450.0000
832.3025,0.0000,9500.0000
832.3014,0.0000,9550.0000
832.3013,0.0000,9600.0000
832.3004,0.0000,9650.0000
832.2949,0.0000,9700.0000
832.2931,0.0000,9750.0000
832.2899,0.0000,9800.0000
832.2854,0.0000,9850.0000
832.2819,0.0000,9900.0000
832.2775,0.0000,9950.0000
832.2739,0.0000,10000.0000
832.2693,0.0000,10050.0000
832.2650,0.0000,10100.0000
832.2648,0.0000,10150.0000
832.2632,0.0000,10200.0000
832.2632,0.0000,10250.0000
832.2632,0.0000,10300.0000
832.2624,0.0000,10350.0000
832.2596,0.0000,10400.0000
832.2596,0.0000,10450.0000
832.2570,0.0000,10500.0000
832.2541,0.0000,10550.0000
832.2535,0.0000,10600.0000
832.2530,0.0000,10650.0000
832.2499,0.0000,10700.0000
832.2499,0.0000,10750.0000
832.2483,0.0000,10800.0000
832.2455,0.0000,10850.0000
832.2428,0.0000,10900.0000
832.2403,0.0000,10950.0000
832.2399,0.0000,11000.0000
832.2381,0.0000,11050.0000
832.2358,0.0000,11100.0000
832.2341,0.0000,11150.0000
832.2331,0.0000,11200.0000
832.2296,0.0000,11250.0000
832.2296,0.0000,11300.0000
832.2291,0.0000,11350.0000
832.2276,0.0000,11400.0000
832.2259,0.0000,11450.0000
832.2231,0.0000,11500.0000
832.2231,0.0000,11550.0000
832.2165,0.0000,11600.0000
832.2165,0.0000,11650.0000
832.2165,0.0000,11700.0000
832.2145,0.0000,11750.0000
832.2126,0.0000,11800.0000
832.2094,0.0000,11850.0000
832.2035,0.0000,11900.0000
832.2035,0.0000,11950.0000
832.2028,0.0000,12000.0000
832.2003,0.0000,12050.0000
832.1969,0.0000,12100.0000
832.1968,0.0000,12150.0000
832.1926,0.0000,12200.0000
832.1926,0.0000,12250.0000
832.1906,0.0000,12300.0000
832.1886,0.0000,12350.0000
832.1818,0.0000,12400.0000
832.1802,0.0000,12450.0000
832.1777,0.0000,12500.0000
832.1777,0.0000,12550.0000
832.1777,0.0000,12600.0000
832.1776,0.0000,12650.0000
832.1776,0.0000,12700.0000
832.1776,0.0000,12750.0000
832.1776,0.0000,12800.0000
832.1774,0.0000,12850.0000
832.1767,0.0000,12900.0000
832.1767,0.0000,12950.0000
832.1763,0.0000,13000.0000
832.1761,0.0000,13050.0000
832.1761,0.0000,13100.0000
832.1758,0.0000,13150.0000
832.1754,0.0000,13200.0000
832.1754,0.0000,13250.0000
832.1754,0.0000,13300.0000
832.1748,0.0000,13350.0000
832.1745,0.0000,13400.0000
832.1736,0.0000,13450.0000
832.1722,0.0000,13500.0000
832.1722,0.0000,13550.0000
832.1718,0.0000,13600.0000
832.1715,0.0000,13650.0000
832.1706,0.0000,13700.0000
832.1701,0.0000,13750.0000
832.1693,0.0000,13800.0000
832.1684,0.0000,13850.0000
832.1670,0.0000,13900.0000
832.1657,0.0000,13950.0000
832.1657,0.0000,14000.0000
832.1653,0.0000,14050.0000
832.1644,0.0000,14100.0000
832.1639,0.0000,14150.0000
832.1635,0.0000,14200.0000
832.1635,0.0000,14250.0000
832.1634,0.0000,14300.0000
832.1629,0.0000,14350.0000
832.1628,0.0000,14400.0000
832.1622,0.0000,14450.0000
832.1613,0.0000,14500.0000
832.1610,0.0000,14550.0000
832.1605,0.0000,14600.0000
832.1600,0.0000,14650.0000
832.1599,0.0000,14700.0000
832.1589,0.0000,14750.0000
832.1573,0.0000,14800.0000
832.1573,0.0000,14850.0000
832.1567,0.0000,14900.0000
832.1567,0.0000,14950.0000
832.1561,0.0000,15000.0000
832.1548,0.0000,15050.0000
832.1548,0.0000,15100.0000
832.1543,0.0000,15150.0000
832.1530,0.0000,15200.0000
832.1519,0.0000,15250.0000
832.1511,0.0000,15300.0000
832.1511,0.0000,15350.0000
832.1500,0.0000,15400.0000
832.1487,0.0000,15450.0000
832.1474,0.0000,15500.0000
832.1457,0.0000,15550.0000
832.1437,0.0000,15600.0000
832.1429,0.0000,15650.0000
832.1409,0.0000,15700.0000
832.1397,0.0000,15750.0000
832.1397,0.0000,15800.0000
832.1397,0.0000,15850.0000
832.1392,0.0000,15900.0000
832.1392,0.0000,15950.0000
832.1392,0.0000,16000.0000
832.1392,0.0000,16050.0000
832.1388,0.0000,16100.0000
832.1385,0.0000,16150.0000
832.1385,0.0000,16200.0000
832.1378,0.0000,16250.0000
832.1375,0.0000,16300.0000
832.1357,0.0000,16350.0000
832.1346,0.0000,16400.0000
832.1346,0.0000,16450.0000
832.1339,0.0000,16500.0000
832.1333,0.0000,16550.0000
832.1331,0.0000,16600.0000
832.1326,0.0000,16650.0000
832.1326,0.0000,16700.0000
832.1324,0.0000,16750.0000
832.1321,0.0000,16800.0000
832.1318,0.0000,16850.0000
832.1313,0.0000,16900.0000
832.1311,0.0000,16950.0000
832.1307,0.0000,17000.0000
832.1304,0.0000,17050.0000
832.1303,0.0000,17100.0000
832.1291,0.0000,17150.0000
832.1291,0.0000,17200.0000
832.1291,0.0000,17250.0000
832.1283,0.0000,17300.0000
832.1282,0.0000,17350.0000
832.1280,0.0000,17400.0000
832.1276,0.0000,17450.0000
832.1275,0.0000,17500.0000
832.1274,0.0000,17550.0000
832.1274,0.0000,17600.0000
832.1272,0.0000,17650.0000
832.1272,0.0000,17700.0000
832.1272,0.0000,17750.0000
832.1272,0.0000,17800.0000
832.1271,0.0000,17850.0000
832.1270,0.0000,17900.0000
832.1268,0.0000,17950.0000
832.1268,0.0000,18000.0000
832.1266,0.0000,18050.0000
832.1266,0.0000,18100.0000
832.1266,0.0000,18150.0000
832.1265,0.0000,18200.0000
832.1264,0.0000,18250.0000
832.1263,0.0000,18300.0000
832.1262,0.0000,18350.0000
832.1261,0.0000,18400.0000
832.1261,0.0000,18450.0000
832.1261,0.0000,18500.0000
832.1258,0.0000,18550.0000
832.1258,0.0000,18600.0000
832.1255,0.0000,18650.0000
832.1253,0.0000,18700.0000
832.1251,0.0000,18750.0000
832.1246,0.0000,18800.0000
832.1246,0.0000,18850.0000
832.1242,0.0000,18900.0000
832.1242,0.0000,18950.0000
832.1241,0.0000,19000.0000
832.1237,0.0000,19050.0000
832.1236,0.0000,19100.0000
832.1234,0.0000,19150.0000
832.1233,0.0000,19200.0000
832.1233,0.0000,19250.0000
832.1233,0.0000,19300.0000
832.1233,0.0000,19350.0000
832.1233,0.0000,19400.0000
832.1233,0.0000,19450.0000
832.1232,0.0000,19500.0000
832.1232,0.0000,19550.0000
832.1232,0.0000,19600.0000
832.1232,0.0000,19650.0000
832.1231,0.0000,19700.0000
832.1231,0.0000,19750.0000
832.1231,0.0000,19800.0000
832.1230,0.0000,19850.0000
832.1229,0.0000,19900.0000
832.1229,0.0000,19950.0000
832.1228,0.0000,20000.0000
832.1228,0.0000,20050.0000
832.1227,0.0000,20100.0000
832.1227,0.0000,20150.0000
832.1227,0.0000,20200.0000
832.1227,0.0000,20250.0000
832.1226,0.0000,20300.0000
832.1226,0.0000,20350.0000
832.1226,0.0000,20400.0000
832.1226,0.0000,20450.0000
832.1225,0.0000,20500.0000
832.1225,0.0000,20550.0000
832.1225,0.0000,20600.0000
832.1225,0.0000,20650.0000
832.1225,0.0000,20700.0000
832.1225,0.0000,20750.0000
832.1224,0.0000,20800.0000
832.1224,0.0000,20850.0000
832.1224,0.0000,20900.0000
832.1224,0.0000,20950.0000
832.1224,0.0000,21000.0000
832.1223,0.0000,21050.0000
832.1223,0.0000,21100.0000
832.1223,0.0000,21150.0000
832.1223,0.0000,21200.0000
832.1223,0.0000,21250.0000
832.1223,0.0000,21300.0000
832.1223,0.0000,21350.0000
832.1223,0.0000,21400.0000
832.1223,0.0000,21450.0000
832.1223,0.0000,21500.0000
832.1222,0.0000,21550.0000
832.1222,0.0000,21600.0000
832.1222,0.0000,21650.0000
832.1222,0.0000,21700.0000
832.1222,0.0000,21750.0000
832.1222,0.0000,21800.0000
832.1222,0.0000,21850.0000
832.1221,0.0000,21900.0000
832.1221,0.0000,21950.0000
832.1221,0.0000,22000.0000
832.1221,0.0000,22050.0000
832.1221,0.0000,22100.0000
832.1221,0.0000,22150.0000
832.1220,0.0000,22200.0000
832.1220,0.0000,22250.0000
832.1220,0.0000,22300.0000
832.1220,0.0000,22350.0000
832.1220,0.0000,22400.0000
832.1220,0.0000,22450.0000
832.1220,0.0000,22500.0000
832.1219,0.0000,22550.0000
832.1219,0.0000,22600.0000
832.1219,0.0000,22650.0000
832.1219,0.0000,22700.0000
832.1219,0.0000,22750.0000
832.1219,0.0000,22800.0000
832.1219,0.0000,22850.0000
832.1219,0.0000,22900.0000
832.1218,0.0000,22950.0000
832.1218,0.0000,23000.0000
832.1217,0.0000,23050.0000
832.1217,0.0000,23100.0000
832.1217,0.0000,23150.0000
832.1217,0.0000,23200.0000
832.1216,0.0000,23250.0000
832.1216,0.0000,23300.0000
832.1215,0.0000,23350.0000
832.1215,0.0000,23400.0000
832.1214,0.0000,23450.0000
832.1214,0.0000,23500.0000
832.1213,0.0000,23550.0000
832.1212,0.0000,23600.0000
832.1211,0.0000,23650.0000
832.1210,0.0000,23700.0000
832.1209,0.0000,23750.0000
832.1208,0.0000,23800.0000
832.1207,0.0000,23850.0000
832.1206,0.0000,23900.0000
832.1205,0.0000,23950.0000
832.1204,0.0000,24000.0000
832.1204,0.0000,24050.0000
832.1202,0.0000,24100.0000
832.1202,0.0000,24150.0000
832.1202,0.0000,24200.0000
832.1202,0.0000,24250.0000
832.1202,0.0000,24300.0000
832.1201,0.0000,24350.0000
832.1201,0.0000,24400.0000
832.1201,0.0000,24450.0000
832.1201,0.0000,24500.0000
832.1200,0.0000,24550.0000
832.1200,0.0000,24600.0000
832.1200,0.0000,24650.0000
832.1199,0.0000,24700.0000
832.1199,0.0000,24750.0000
832.1198,0.0000,24800.0000
832.1197,0.0000,24850.0000
832.1197,0.0000,24900.0000
832.1196,0.0000,24950.0000
832.1196,0.0000,25000.0000
832.1195,0.0000,25050.0000
832.1194,0.0000,25100.0000
832.1194,0.0000,25150.0000
832.1194,0.0000,25200.0000
832.1191,0.0000,25250.0000
832.1191,0.0000,25300.0000
832.1188,0.0000,25350.0000
832.1185,0.0000,25400.0000
832.1182,0.0000,25450.0000
832.1180,0.0000,25500.0000
832.1175,0.0000,25550.0000
832.1173,0.0000,25600.0000
832.1172,0.0000,25650.0000
832.1171,0.0000,25700.0000
832.1169,0.0000,25750.0000
832.1169,0.0000,25800.0000
832.1169,0.0000,25850.0000
832.1169,0.0000,25900.0000
832.1167,0.0000,25950.0000
832.1166,0.0000,26000.0000
832.1166,0.0000,26050.0000
832.1165,0.0000,26100.0000
832.1165,0.0000,26150.0000
832.1164,0.0000,26200.0000
832.1164,0.0000,26250.0000
832.1162,0.0000,26300.0000
832.1161,0.0000,26350.0000
832.1161,0.0000,26400.0000
832.1158,0.0000,26450.0000
832.1157,0.0000,26500.0000
832.1154,0.0000,26550.0000
832.1150,0.0000,26600.0000
832.1148,0.0000,26650.0000
832.1146,0.0000,26700.0000
832.1142,0.0000,26750.0000
832.1141,0.0000,26800.0000
832.1141,0.0000,26850.0000
832.1139,0.0000,26900.0000
832.1137,0.0000,26950.0000
832.1137,0.0000,27000.0000
832.1136,0.0000,27050.0000
832.1134,0.0000,27100.0000
832.1134,0.0000,27150.0000
832.1133,0.0000,27200.0000
832.1133,0.0000,27250.0000
832.1132,0.0000,27300.0000
832.1131,0.0000,27350.0000
832.1131,0.0000,27400.0000
832.1131,0.0000,27450.0000
832.1131,0.0000,27500.0000
832.1131,0.0000,27550.0000
832.1130,0.0000,27600.0000
832.1130,0.0000,27650.0000
832.1130,0.0000,27700.0000
832.1130,0.0000,27750.0000
832.1130,0.0000,27800.0000
832.1130,0.0000,27850.0000
832.1130,0.0000,27900.0000
832.1130,0.0000,27950.0000
832.1129,0.0000,28000.0000
832.1129,0.0000,28050.0000
832.1129,0.0000,28100.0000
832.1129,0.0000,28150.0000
832.1129,0.0000,28200.0000
832.1129,0.0000,28250.0000
832.1128,0.0000,28300.0000
832.1128,0.0000,28350.0000
832.1128,0.0000,28400.0000
832.1127,0.0000,28450.0000
832.1127,0.0000,28500.0000
832.1127,0.0000,28550.0000
832.1127,0.0000,28600.0000
832.1126,0.0000,28650.0000
832.1126,0.0000,28700.0000
832.1126,0.0000,28750.0000
832.1125,0.0000,28800.0000
832.1125,0.0000,28850.0000
832.1125,0.0000,28900.0000
832.1125,0.0000,28950.0000
832.1124,0.0000,29000.0000
832.1124,0.0000,29050.0000
832.1124,0.0000,29100.0000
832.1123,0.0000,29150.0000
832.1123,0.0000,29200.0000
832.1123,0.0000,29250.0000
832.1122,0.0000,29300.0000
832.1122,0.0000,29350.0000
832.1122,0.0000,29400.0000
832.1122,0.0000,29450.0000
832.1122,0.0000,29500.0000
832.1122,0.0000,29550.0000
832.1121,0.0000,29600.0000
832.1121,0.0000,29650.0000
832.1121,0.0000,29700.0000
832.1121,0.0000,29750.0000
832.1120,0.0000,29800.0000
832.1120,0.0000,29850.0000
832.1119,0.0000,29900.0000
832.1118,0.0000,29950.0000
832.1117,0.0000,30000.0000
832.1116,0.0000,30050.0000
