944.5498,0.0004,100.0000
891.6894,0.0000,150.0000
857.2131,0.0000,200.0000
846.7643,0.0000,250.0000
843.0370,0.0000,300.0000
843.0370,0.0000,350.0000
843.0370,0.0000,400.0000
843.0370,0.0000,450.0000
840.3186,0.0000,500.0000
840.3186,0.0000,550.0000
840.3186,0.0000,600.0000
838.5826,0.0000,650.0000
838.0352,0.0000,700.0000
837.7801,0.0000,750.0000
837.0168,0.0000,800.0000
835.8610,0.0000,850.0000
835.8610,0.0000,900.0000
835.5163,0.0000,950.0000
834.7512,0.0000,1000.0000
834.7512,0.0000,1050.0000
834.7512,0.0000,1100.0000
834.6796,0.0000,1150.0000
834.5832,0.0000,1200.0000
834.0417,0.0000,1250.0000
833.9642,0.0000,1300.0000
833.5988,0.0000,1350.0000
833.3514,0.0000,1400.0000
833.1382,0.0000,1450.0000
833.1382,0.0000,1500.0000
833.1382,0.0000,1550.0000
833.1382,0.0000,1600.0000
833.0157,0.0000,1650.0000
832.9676,0.0000,1700.0000
832.8745,0.0000,1750.0000
832.8543,0.0000,1800.0000
832.6302,0.0000,1850.0000
832.6302,0.0000,1900.0000
832.6302,0.0000,1950.0000
832.6302,0.0000,2000.0000
832.6302,0.0000,2050.0000
832.5224,0.0000,2100.0000
832.4822,0.0000,2150.0000
832.4822,0.0000,2200.0000
832.4311,0.0000,2250.0000
832.4311,0.0000,2300.0000
832.4256,0.0000,2350.0000
832.3999,0.0000,2400.0000
832.3911,0.0000,2450.0000
832.3684,0.0000,2500.0000
832.3684,0.0000,2550.0000
832.3479,0.0000,2600.0000
832.3479,0.0000,2650.0000
832.3356,0.0000,2700.0000
832.3356,0.0000,2750.0000
832.3226,0.0000,2800.0000
832.3090,0.0000,2850.0000
832.3014,0.0000,2900.0000
832.2946,0.0000,2950.0000
832.2945,0.0000,3000.0000
832.2925,0.0000,3050.0000
832.2911,0.0000,3100.0000
832.2859,0.0000,3150.0000
832.2814,0.0000,3200.0000
832.2805,0.0000,3250.0000
832.2800,0.0000,3300.0000
832.2800,0.0000,3350.0000
832.2764,0.0000,3400.0000
832.2764,0.0000,3450.0000
832.2725,0.0000,3500.0000
832.2725,0.0000,3550.0000
832.2717,0.0000,3600.0000
832.2688,0.0000,3650.0000
832.2688,0.0000,3700.0000
832.2688,0.0000,3750.0000
832.2688,0.0000,3800.0000
832.2656,0.0000,3850.0000
832.2644,0.0000,3900.0000
832.2630,0.0000,3950.0000
832.2621,0.0000,4000.0000
832.2610,0.0000,4050.0000
832.2585,0.0000,4100.0000
832.2566,0.0000,4150.0000
832.2548,0.0000,4200.0000
832.2526,0.0000,4250.0000
832.2512,0.0000,4300.0000
832.2496,0.0000,4350.0000
832.2495,0.0000,4400.0000
832.2492,0.0000,4450.0000
832.2492,0.0000,4500.0000
832.2489,0.0000,4550.0000
832.2489,0.0000,4600.0000
832.2481,0.0000,4650.0000
832.2481,0.0000,4700.0000
832.2479,0.0000,4750.0000
832.2471,0.0000,4800.0000
832.2470,0.0000,4850.0000
832.2470,0.0000,4900.0000
832.2464,0.0000,4950.0000
832.2462,0.0000,5000.0000
832.2459,0.0000,5050.0000
832.2459,0.0000,5100.0000
832.2459,0.0000,5150.0000
832.2455,0.0000,5200.0000
832.2455,0.0000,5250.0000
832.2451,0.0000,5300.0000
832.2451,0.0000,5350.0000
832.2451,0.0000,5400.0000
832.2448,0.0000,5450.0000
832.2448,0.0000,5500.0000
832.2448,0.0000,5550.0000
832.2446,0.0000,5600.0000
832.2443,0.0000,5650.0000
832.2441,0.0000,5700.0000
832.2439,0.0000,5750.0000
832.2439,0.0000,5800.0000
832.2434,0.0000,5850.0000
832.2432,0.0000,5900.0000
832.2430,0.0000,5950.0000
832.2429,0.0000,6000.0000
832.2429,0.0000,6050.0000
832.2428,0.0000,6100.0000
832.2423,0.0000,6150.0000
832.2420,0.0000,6200.0000
832.2420,0.0000,6250.0000
832.2418,0.0000,6300.0000
832.2416,0.0000,6350.0000
832.2414,0.0000,6400.0000
832.2414,0.0000,6450.0000
832.2413,0.0000,6500.0000
832.2412,0.0000,6550.0000
832.2402,0.0000,6600.0000
832.2400,0.0000,6650.0000
832.2400,0.0000,6700.0000
832.2395,0.0000,6750.0000
832.2395,0.0000,6800.0000
832.2390,0.0000,6850.0000
832.2390,0.0000,6900.0000
832.2388,0.0000,6950.0000
832.2386,0.0000,7000.0000
832.2386,0.0000,7050.0000
832.2384,0.0000,7100.0000
832.2382,0.0000,7150.0000
832.2378,0.0000,7200.0000
832.2375,0.0000,7250.0000
832.2372,0.0000,7300.0000
832.2369,0.0000,7350.0000
832.2365,0.0000,7400.0000
832.2360,0.0000,7450.0000
832.2357,0.0000,7500.0000
832.2348,0.0000,7550.0000
832.2342,0.0000,7600.0000
832.2334,0.0000,7650.0000
832.2328,0.0000,7700.0000
832.2320,0.0000,7750.0000
832.2319,0.0000,7800.0000
832.2312,0.0000,7850.0000
832.2309,0.0000,7900.0000
832.2305,0.0000,7950.0000
832.2297,0.0000,8000.0000
832.2296,0.0000,8050.0000
832.2289,0.0000,8100.0000
832.2282,0.0000,8150.0000
832.2272,0.0000,8200.0000
832.2266,0.0000,8250.0000
832.2266,0.0000,8300.0000
832.2261,0.0000,8350.0000
832.2257,0.0000,8400.0000
832.2241,0.0000,8450.0000
832.2234,0.0000,8500.0000
832.2225,0.0000,8550.0000
832.2221,0.0000,8600.0000
832.2218,0.0000,8650.0000
832.2201,0.0000,8700.0000
832.2201,0.0000,8750.0000
832.2196,0.0000,8800.0000
832.2192,0.0000,8850.0000
832.2182,0.0000,8900.0000
832.2171,0.0000,8950.0000
832.2154,0.0000,9000.0000
832.2137,0.0000,9050.0000
832.2107,0.0000,9100.0000
832.2093,0.0000,9150.0000
832.2070,0.0000,9200.0000
832.2070,0.0000,9250.0000
832.2062,0.0000,9300.0000
832.2044,0.0000,9350.0000
832.2032,0.0000,9400.0000
832.2016,0.0000,9450.0000
832.1998,0.0000,9500.0000
832.1996,0.0000,9550.0000
832.1979,0.0000,9600.0000
832.1960,0.0000,9650.0000
832.1947,0.0000,9700.0000
832.1928,0.0000,9750.0000
832.1915,0.0000,9800.0000
832.1893,0.0000,9850.0000
832.1875,0.0000,9900.0000
832.1875,0.0000,9950.0000
832.1875,0.0000,10000.0000
832.1859,0.0000,10050.0000
832.1848,0.0000,10100.0000
832.1831,0.0000,10150.0000
832.1831,0.0000,10200.0000
832.1818,0.0000,10250.0000
832.1816,0.0000,10300.0000
832.1811,0.0000,10350.0000
832.1811,0.0000,10400.0000
832.1804,0.0000,10450.0000
832.1789,0.0000,10500.0000
832.1789,0.0000,10550.0000
832.1789,0.0000,10600.0000
832.1789,0.0000,10650.0000
832.1789,0.0000,10700.0000
832.1786,0.0000,10750.0000
832.1777,0.0000,10800.0000
832.1777,0.0000,10850.0000
832.1773,0.0000,10900.0000
832.1773,0.0000,10950.0000
832.1768,0.0000,11000.0000
832.1764,0.0000,11050.0000
832.1758,0.0000,11100.0000
832.1757,0.0000,11150.0000
832.1748,0.0000,11200.0000
832.1748,0.0000,11250.0000
832.1743,0.0000,11300.0000
832.1738,0.0000,11350.0000
832.1738,0.0000,11400.0000
832.1738,0.0000,11450.0000
832.1738,0.0000,11500.0000
832.1738,0.0000,11550.0000
832.1738,0.0000,11600.0000
832.1737,0.0000,11650.0000
832.1734,0.0000,11700.0000
832.1734,0.0000,11750.0000
832.1734,0.0000,11800.0000
832.1734,0.0000,11850.0000
832.1730,0.0000,11900.0000
832.1730,0.0000,11950.0000
832.1728,0.0000,12000.0000
832.1726,0.0000,12050.0000
832.1723,0.0000,12100.0000
832.1722,0.0000,12150.0000
832.1721,0.0000,12200.0000
832.1720,0.0000,12250.0000
832.1719,0.0000,12300.0000
832.1718,0.0000,12350.0000
832.1717,0.0000,12400.0000
832.1714,0.0000,12450.0000
832.1712,0.0000,12500.0000
832.1710,0.0000,12550.0000
832.1707,0.0000,12600.0000
832.1707,0.0000,12650.0000
832.1702,0.0000,12700.0000
832.1701,0.0000,12750.0000
832.1700,0.0000,12800.0000
832.1700,0.0000,12850.0000
832.1699,0.0000,12900.0000
832.1699,0.0000,12950.0000
832.1698,0.0000,13000.0000
832.1697,0.0000,13050.0000
832.1696,0.0000,13100.0000
832.1694,0.0000,13150.0000
832.1693,0.0000,13200.0000
832.1692,0.0000,13250.0000
832.1690,0.0000,13300.0000
832.1688,0.0000,13350.0000
832.1688,0.0000,13400.0000
832.1685,0.0000,13450.0000
832.1683,0.0000,13500.0000
832.1680,0.0000,13550.0000
832.1680,0.0000,13600.0000
832.1677,0.0000,13650.0000
832.1673,0.0000,13700.0000
832.1671,0.0000,13750.0000
832.1668,0.0000,13800.0000
832.1664,0.0000,13850.0000
832.1664,0.0000,13900.0000
832.1662,0.0000,13950.0000
832.1656,0.0000,14000.0000
832.1656,0.0000,14050.0000
832.1654,0.0000,14100.0000
832.1652,0.0000,14150.0000
832.1649,0.0000,14200.0000
832.1645,0.0000,14250.0000
832.1634,0.0000,14300.0000
832.1622,0.0000,14350.0000
832.1607,0.0000,14400.0000
832.1597,0.0000,14450.0000
832.1583,0.0000,14500.0000
832.1571,0.0000,14550.0000
832.1571,0.0000,14600.0000
832.1567,0.0000,14650.0000
832.1549,0.0000,14700.0000
832.1541,0.0000,14750.0000
832.1532,0.0000,14800.0000
832.1526,0.0000,14850.0000
832.1512,0.0000,14900.0000
832.1493,0.0000,14950.0000
832.1491,0.0000,15000.0000
832.1469,0.0000,15050.0000
832.1466,0.0000,15100.0000
832.1466,0.0000,15150.0000
832.1460,0.0000,15200.0000
832.1452,0.0000,15250.0000
832.1446,0.0000,15300.0000
832.1445,0.0000,15350.0000
832.1431,0.0000,15400.0000
832.1426,0.0000,15450.0000
832.1422,0.0000,15500.0000
832.1411,0.0000,15550.0000
832.1407,0.0000,15600.0000
832.1398,0.0000,15650.0000
832.1391,0.0000,15700.0000
832.1375,0.0000,15750.0000
832.1375,0.0000,15800.0000
832.1375,0.0000,15850.0000
832.1375,0.0000,15900.0000
832.1375,0.0000,15950.0000
832.1371,0.0000,16000.0000
832.1371,0.0000,16050.0000
832.1371,0.0000,16100.0000
832.1369,0.0000,16150.0000
832.1369,0.0000,16200.0000
832.1369,0.0000,16250.0000
832.1366,0.0000,16300.0000
832.1366,0.0000,16350.0000
832.1364,0.0000,16400.0000
832.1364,0.0000,16450.0000
832.1363,0.0000,16500.0000
832.1363,0.0000,16550.0000
832.1359,0.0000,16600.0000
832.1359,0.0000,16650.0000
832.1356,0.0000,16700.0000
832.1356,0.0000,16750.0000
832.1356,0.0000,16800.0000
832.1355,0.0000,16850.0000
832.1352,0.0000,16900.0000
832.1352,0.0000,16950.0000
832.1351,0.0000,17000.0000
832.1350,0.0000,17050.0000
832.1344,0.0000,17100.0000
832.1344,0.0000,17150.0000
832.1343,0.0000,17200.0000
832.1340,0.0000,17250.0000
832.1334,0.0000,17300.0000
832.1328,0.0000,17350.0000
832.1320,0.0000,17400.0000
832.1318,0.0000,17450.0000
832.1312,0.0000,17500.0000
832.1309,0.0000,17550.0000
832.1309,0.0000,17600.0000
832.1309,0.0000,17650.0000
832.1307,0.0000,17700.0000
832.1306,0.0000,17750.0000
832.1306,0.0000,17800.0000
832.1306,0.0000,17850.0000
832.1306,0.0000,17900.0000
832.1306,0.0000,17950.0000
832.1304,0.0000,18000.0000
832.1303,0.0000,18050.0000
832.1303,0.0000,18100.0000
832.1301,0.0000,18150.0000
832.1298,0.0000,18200.0000
832.1292,0.0000,18250.0000
832.1288,0.0000,18300.0000
832.1287,0.0000,18350.0000
832.1284,0.0000,18400.0000
832.1281,0.0000,18450.0000
832.1281,0.0000,18500.0000
832.1279,0.0000,18550.0000
832.1279,0.0000,18600.0000
832.1278,0.0000,18650.0000
832.1277,0.0000,18700.0000
832.1274,0.0000,18750.0000
832.1274,0.0000,18800.0000
832.1271,0.0000,18850.0000
832.1269,0.0000,18900.0000
832.1261,0.0000,18950.0000
832.1261,0.0000,19000.0000
832.1259,0.0000,19050.0000
832.1253,0.0000,19100.0000
832.1252,0.0000,19150.0000
832.1239,0.0000,19200.0000
832.1239,0.0000,19250.0000
832.1229,0.0000,19300.0000
832.1219,0.0000,19350.0000
832.1217,0.0000,19400.0000
832.1206,0.0000,19450.0000
832.1202,0.0000,19500.0000
832.1200,0.0000,19550.0000
832.1195,0.0000,19600.0000
832.1195,0.0000,19650.0000
832.1194,0.0000,19700.0000
832.1191,0.0000,19750.0000
832.1190,0.0000,19800.0000
832.1190,0.0000,19850.0000
832.1187,0.0000,19900.0000
832.1186,0.0000,19950.0000
832.1184,0.0000,20000.0000
832.1184,0.0000,20050.0000
832.1184,0.0000,20100.0000
832.1183,0.0000,20150.0000
832.1181,0.0000,20200.0000
832.1181,0.0000,20250.0000
832.1180,0.0000,20300.0000
832.1179,0.0000,20350.0000
832.1179,0.0000,20400.0000
832.1179,0.0000,20450.0000
832.1179,0.0000,20500.0000
832.1176,0.0000,20550.0000
832.1176,0.0000,20600.0000
832.1175,0.0000,20650.0000
832.1175,0.0000,20700.0000
832.1175,0.0000,20750.0000
832.1175,0.0000,20800.0000
832.1173,0.0000,20850.0000
832.1173,0.0000,20900.0000
832.1173,0.0000,20950.0000
832.1173,0.0000,21000.0000
832.1173,0.0000,21050.0000
832.1173,0.0000,21100.0000
832.1173,0.0000,21150.0000
832.1173,0.0000,21200.0000
832.1172,0.0000,21250.0000
832.1172,0.0000,21300.0000
832.1171,0.0000,21350.0000
832.1171,0.0000,21400.0000
832.1171,0.0000,21450.0000
832.1169,0.0000,21500.0000
832.1168,0.0000,21550.0000
832.1166,0.0000,21600.0000
832.1166,0.0000,21650.0000
832.1165,0.0000,21700.0000
832.1163,0.0000,21750.0000
832.1162,0.0000,21800.0000
832.1162,0.0000,21850.0000
832.1162,0.0000,21900.0000
832.1161,0.0000,21950.0000
832.1161,0.0000,22000.0000
832.1161,0.0000,22050.0000
832.1161,0.0000,22100.0000
832.1161,0.0000,22150.0000
832.1161,0.0000,22200.0000
832.1160,0.0000,22250.0000
832.1160,0.0000,22300.0000
832.1160,0.0000,22350.0000
832.1159,0.0000,22400.0000
832.1158,0.0000,22450.0000
832.1158,0.0000,22500.0000
832.1157,0.0000,22550.0000
832.1157,0.0000,22600.0000
832.1156,0.0000,22650.0000
832.1155,0.0000,22700.0000
832.1155,0.0000,22750.0000
832.1154,0.0000,22800.0000
832.1154,0.0000,22850.0000
832.1153,0.0000,22900.0000
832.1152,0.0000,22950.0000
832.1152,0.0000,23000.0000
832.1152,0.0000,23050.0000
832.1152,0.0000,23100.0000
832.1151,0.0000,23150.0000
832.1151,0.0000,23200.0000
832.1151,0.0000,23250.0000
832.1150,0.0000,23300.0000
832.1150,0.0000,23350.0000
832.1149,0.0000,23400.0000
832.1148,0.0000,23450.0000
832.1148,0.0000,23500.0000
832.1148,0.0000,23550.0000
832.1147,0.0000,23600.0000
832.1147,0.0000,23650.0000
832.1145,0.0000,23700.0000
832.1144,0.0000,23750.0000
832.1143,0.0000,23800.0000
832.1143,0.0000,23850.0000
832.1141,0.0000,23900.0000
832.1141,0.0000,23950.0000
832.1138,0.0000,24000.0000
832.1135,0.0000,24050.0000
832.1135,0.0000,24100.0000
832.1133,0.0000,24150.0000
832.1130,0.0000,24200.0000
832.1129,0.0000,24250.0000
832.1127,0.0000,24300.0000
832.1124,0.0000,24350.0000
832.1124,0.0000,24400.0000
832.1121,0.0000,24450.0000
832.1120,0.0000,24500.0000
832.1118,0.0000,24550.0000
832.1116,0.0000,24600.0000
832.1115,0.0000,24650.0000
832.1115,0.0000,24700.0000
832.1113,0.0000,24750.0000
832.1111,0.0000,24800.0000
832.1109,0.0000,24850.0000
832.1107,0.0000,24900.0000
832.1107,0.0000,24950.0000
832.1104,0.0000,25000.0000
832.1104,0.0000,25050.0000
832.1104,0.0000,25100.0000
832.1103,0.0000,25150.0000
832.1102,0.0000,25200.0000
832.1099,0.0000,25250.0000
832.1098,0.0000,25300.0000
832.1096,0.0000,25350.0000
832.1095,0.0000,25400.0000
832.1093,0.0000,25450.0000
832.1090,0.0000,25500.0000
832.1087,0.0000,25550.0000
832.1087,0.0000,25600.0000
832.1087,0.0000,25650.0000
832.1087,0.0000,25700.0000
832.1087,0.0000,25750.0000
832.1086,0.0000,25800.0000
832.1084,0.0000,25850.0000
832.1082,0.0000,25900.0000
832.1081,0.0000,25950.0000
832.1081,0.0000,26000.0000
832.1079,0.0000,26050.0000
832.1077,0.0000,26100.0000
832.1076,0.0000,26150.0000
832.1076,0.0000,26200.0000
832.1076,0.0000,26250.0000
832.1075,0.0000,26300.0000
832.1075,0.0000,26350.0000
832.1074,0.0000,26400.0000
832.1072,0.0000,26450.0000
832.1072,0.0000,26500.0000
832.1071,0.0000,26550.0000
832.1070,0.0000,26600.0000
832.1070,0.0000,26650.0000
832.1069,0.0000,26700.0000
832.1068,0.0000,26750.0000
832.1068,0.0000,26800.0000
832.1068,0.0000,26850.0000
832.1067,0.0000,26900.0000
832.1067,0.0000,26950.0000
832.1067,0.0000,27000.0000
832.1064,0.0000,27050.0000
832.1064,0.0000,27100.0000
832.1064,0.0000,27150.0000
832.1064,0.0000,27200.0000
832.1064,0.0000,27250.0000
832.1062,0.0000,27300.0000
832.1061,0.0000,27350.0000
832.1060,0.0000,27400.0000
832.1057,0.0000,27450.0000
832.1055,0.0000,27500.0000
832.1052,0.0000,27550.0000
832.1052,0.0000,27600.0000
832.1051,0.0000,27650.0000
832.1050,0.0000,27700.0000
832.1049,0.0000,27750.0000
832.1048,0.0000,27800.0000
832.1046,0.0000,27850.0000
832.1046,0.0000,27900.0000
832.1043,0.0000,27950.0000
832.1041,0.0000,28000.0000
832.1041,0.0000,28050.0000
832.1040,0.0000,28100.0000
832.1038,0.0000,28150.0000
832.1037,0.0000,28200.0000
832.1036,0.0000,28250.0000
832.1036,0.0000,28300.0000
832.1036,0.0000,28350.0000
832.1036,0.0000,28400.0000
832.1036,0.0000,28450.0000
832.1036,0.0000,28500.0000
832.1036,0.0000,28550.0000
832.1035,0.0000,28600.0000
832.1035,0.0000,28650.0000
832.1034,0.0000,28700.0000
832.1034,0.0000,28750.0000
832.1033,0.0000,28800.0000
832.1032,0.0000,28850.0000
832.1031,0.0000,28900.0000
832.1030,0.0000,28950.0000
832.1029,0.0000,29000.0000
832.1028,0.0000,29050.0000
832.1026,0.0000,29100.0000
832.1025,0.0000,29150.0000
832.1024,0.0000,29200.0000
832.1016,0.0000,29250.0000
832.1016,0.0000,29300.0000
832.1014,0.0000,29350.0000
832.1014,0.0000,29400.0000
832.1012,0.0000,29450.0000
832.1009,0.0000,29500.0000
832.1008,0.0000,29550.0000
832.1007,0.0000,29600.0000
832.1007,0.0000,29650.0000
832.1007,0.0000,29700.0000
832.1005,0.0000,29750.0000
832.1005,0.0000,29800.0000
832.1005,0.0000,29850.0000
832.1005,0.0000,29900.0000
832.1002,0.0000,29950.0000
832.1002,0.0000,30000.0000
832.1001,0.0000,30050.0000
