850.5952,0.0000,100.0000
850.5952,0.0000,150.0000
850.5952,0.0000,200.0000
850.5952,0.0000,250.0000
847.3653,0.0000,300.0000
845.6691,0.0000,350.0000
844.4241,0.0000,400.0000
844.4241,0.0000,450.0000
842.9589,0.0000,500.0000
838.8672,0.0000,550.0000
838.8672,0.0000,600.0000
838.5702,0.0000,650.0000
838.5702,0.0000,700.0000
837.6501,0.0000,750.0000
837.6501,0.0000,800.0000
836.7944,0.0000,850.0000
836.7944,0.0000,900.0000
836.7944,0.0000,950.0000
836.7944,0.0000,1000.0000
836.7944,0.0000,1050.0000
836.7944,0.0000,1100.0000
836.3924,0.0000,1150.0000
836.1412,0.0000,1200.0000
836.0887,0.0000,1250.0000
835.6239,0.0000,1300.0000
835.1419,0.0000,1350.0000
834.6036,0.0000,1400.0000
834.5312,0.0000,1450.0000
834.2812,0.0000,1500.0000
834.2102,0.0000,1550.0000
834.1674,0.0000,1600.0000
833.9099,0.0000,1650.0000
833.8305,0.0000,1700.0000
833.7605,0.0000,1750.0000
833.7605,0.0000,1800.0000
833.6161,0.0000,1850.0000
833.5920,0.0000,1900.0000
833.4469,0.0000,1950.0000
833.3859,0.0000,2000.0000
833.3398,0.0000,2050.0000
833.0474,0.0000,2100.0000
833.0070,0.0000,2150.0000
832.9641,0.0000,2200.0000
832.9204,0.0000,2250.0000
832.8898,0.0000,2300.0000
832.7636,0.0000,2350.0000
832.7636,0.0000,2400.0000
832.7369,0.0000,2450.0000
832.6876,0.0000,2500.0000
832.6354,0.0000,2550.0000
832.6248,0.0000,2600.0000
832.5926,0.0000,2650.0000
832.5540,0.0000,2700.0000
832.5530,0.0000,2750.0000
832.5497,0.0000,2800.0000
832.5161,0.0000,2850.0000
832.5161,0.0000,2900.0000
832.5161,0.0000,2950.0000
832.5161,0.0000,3000.0000
832.5161,0.0000,3050.0000
832.5111,0.0000,3100.0000
832.5081,0.0000,3150.0000
832.4961,0.0000,3200.0000
832.4830,0.0000,3250.0000
832.4830,0.0000,3300.0000
832.4830,0.0000,3350.0000
832.4830,0.0000,3400.0000
832.4830,0.0000,3450.0000
832.4739,0.0000,3500.0000
832.4739,0.0000,3550.0000
832.4673,0.0000,3600.0000
832.4557,0.0000,3650.0000
832.4552,0.0000,3700.0000
832.4298,0.0000,3750.0000
832.4298,0.0000,3800.0000
832.4264,0.0000,3850.0000
832.4152,0.0000,3900.0000
832.4051,0.0000,3950.0000
832.3939,0.0000,4000.0000
832.3809,0.0000,4050.0000
832.3741,0.0000,4100.0000
832.3683,0.0000,4150.0000
832.3477,0.0000,4200.0000
832.3347,0.0000,4250.0000
832.3303,0.0000,4300.0000
832.3234,0.0000,4350.0000
832.3118,0.0000,4400.0000
832.3085,0.0000,4450.0000
832.3028,0.0000,4500.0000
832.2923,0.0000,4550.0000
832.2923,0.0000,4600.0000
832.2880,0.0000,4650.0000
832.2880,0.0000,4700.0000
832.2785,0.0000,4750.0000
832.2785,0.0000,4800.0000
832.2738,0.0000,4850.0000
832.2698,0.0000,4900.0000
832.2665,0.0000,4950.0000
832.2665,0.0000,5000.0000
832.2665,0.0000,5050.0000
832.2657,0.0000,5100.0000
832.2657,0.0000,5150.0000
832.2657,0.0000,5200.0000
832.2640,0.0000,5250.0000
832.2640,0.0000,5300.0000
832.2640,0.0000,5350.0000
832.2632,0.0000,5400.0000
832.2619,0.0000,5450.0000
832.2595,0.0000,5500.0000
832.2595,0.0000,5550.0000
832.2595,0.0000,5600.0000
832.2569,0.0000,5650.0000
832.2548,0.0000,5700.0000
832.2526,0.0000,5750.0000
832.2521,0.0000,5800.0000
832.2505,0.0000,5850.0000
832.2497,0.0000,5900.0000
832.2480,0.0000,5950.0000
832.2450,0.0000,6000.0000
832.2449,0.0000,6050.0000
832.2438,0.0000,6100.0000
832.2420,0.0000,6150.0000
832.2420,0.0000,6200.0000
832.2410,0.0000,6250.0000
832.2405,0.0000,6300.0000
832.2398,0.0000,6350.0000
832.2396,0.0000,6400.0000
832.2383,0.0000,6450.0000
832.2383,0.0000,6500.0000
832.2378,0.0000,6550.0000
832.2378,0.0000,6600.0000
832.2370,0.0000,6650.0000
832.2362,0.0000,6700.0000
832.2346,0.0000,6750.0000
832.2327,0.0000,6800.0000
832.2300,0.0000,6850.0000
832.2300,0.0000,6900.0000
832.2282,0.0000,6950.0000
832.2278,0.0000,7000.0000
832.2264,0.0000,7050.0000
832.2257,0.0000,7100.0000
832.2249,0.0000,7150.0000
832.2247,0.0000,7200.0000
832.2235,0.0000,7250.0000
832.2212,0.0000,7300.0000
832.2191,0.0000,7350.0000
832.2191,0.0000,7400.0000
832.2190,0.0000,7450.0000
832.2182,0.0000,7500.0000
832.2172,0.0000,7550.0000
832.2169,0.0000,7600.0000
832.2158,0.0000,7650.0000
832.2142,0.0000,7700.0000
832.2140,0.0000,7750.0000
832.2133,0.0000,7800.0000
832.2133,0.0000,7850.0000
832.2133,0.0000,7900.0000
832.2131,0.0000,7950.0000
832.2131,0.0000,8000.0000
832.2124,0.0000,8050.0000
832.2118,0.0000,8100.0000
832.2106,0.0000,8150.0000
832.2096,0.0000,8200.0000
832.2081,0.0000,8250.0000
832.2061,0.0000,8300.0000
832.2061,0.0000,8350.0000
832.2040,0.0000,8400.0000
832.2034,0.0000,8450.0000
832.1988,0.0000,8500.0000
832.1988,0.0000,8550.0000
832.1988,0.0000,8600.0000
832.1964,0.0000,8650.0000
832.1964,0.0000,8700.0000
832.1948,0.0000,8750.0000
832.1932,0.0000,8800.0000
832.1913,0.0000,8850.0000
832.1906,0.0000,8900.0000
832.1901,0.0000,8950.0000
832.1884,0.0000,9000.0000
832.1868,0.0000,9050.0000
832.1840,0.0000,9100.0000
832.1830,0.0000,9150.0000
832.1811,0.0000,9200.0000
832.1793,0.0000,9250.0000
832.1780,0.0000,9300.0000
832.1769,0.0000,9350.0000
832.1764,0.0000,9400.0000
832.1740,0.0000,9450.0000
832.1740,0.0000,9500.0000
832.1730,0.0000,9550.0000
832.1726,0.0000,9600.0000
832.1703,0.0000,9650.0000
832.1701,0.0000,9700.0000
832.1693,0.0000,9750.0000
832.1666,0.0000,9800.0000
832.1624,0.0000,9850.0000
832.1624,0.0000,9900.0000
832.1610,0.0000,9950.0000
832.1598,0.0000,10000.0000
832.1595,0.0000,10050.0000
832.1558,0.0000,10100.0000
832.1534,0.0000,10150.0000
832.1511,0.0000,10200.0000
832.1488,0.0000,10250.0000
832.1461,0.0000,10300.0000
832.1459,0.0000,10350.0000
832.1452,0.0000,10400.0000
832.1446,0.0000,10450.0000
832.1430,0.0000,10500.0000
832.1424,0.0000,10550.0000
832.1424,0.0000,10600.0000
832.1414,0.0000,10650.0000
832.1413,0.0000,10700.0000
832.1399,0.0000,10750.0000
832.1399,0.0000,10800.0000
832.1396,0.0000,10850.0000
832.1390,0.0000,10900.0000
832.1385,0.0000,10950.0000
832.1379,0.0000,11000.0000
832.1373,0.0000,11050.0000
832.1340,0.0000,11100.0000
832.1340,0.0000,11150.0000
832.1328,0.0000,11200.0000
832.1323,0.0000,11250.0000
832.1323,0.0000,11300.0000
832.1322,0.0000,11350.0000
832.1314,0.0000,11400.0000
832.1314,0.0000,11450.0000
832.1314,0.0000,11500.0000
832.1314,0.0000,11550.0000
832.1311,0.0000,11600.0000
832.1307,0.0000,11650.0000
832.1300,0.0000,11700.0000
832.1300,0.0000,11750.0000
832.1293,0.0000,11800.0000
832.1285,0.0000,11850.0000
832.1270,0.0000,11900.0000
832.1262,0.0000,11950.0000
832.1252,0.0000,12000.0000
832.1250,0.0000,12050.0000
832.1248,0.0000,12100.0000
832.1242,0.0000,12150.0000
832.1233,0.0000,12200.0000
832.1233,0.0000,12250.0000
832.1233,0.0000,12300.0000
832.1230,0.0000,12350.0000
832.1227,0.0000,12400.0000
832.1227,0.0000,12450.0000
832.1222,0.0000,12500.0000
832.1221,0.0000,12550.0000
832.1215,0.0000,12600.0000
832.1207,0.0000,12650.0000
832.1202,0.0000,12700.0000
832.1202,0.0000,12750.0000
832.1201,0.0000,12800.0000
832.1198,0.0000,12850.0000
832.1197,0.0000,12900.0000
832.1197,0.0000,12950.0000
832.1192,0.0000,13000.0000
832.1190,0.0000,13050.0000
832.1188,0.0000,13100.0000
832.1188,0.0000,13150.0000
832.1185,0.0000,13200.0000
832.1185,0.0000,13250.0000
832.1185,0.0000,13300.0000
832.1179,0.0000,13350.0000
832.1175,0.0000,13400.0000
832.1174,0.0000,13450.0000
832.1172,0.0000,13500.0000
832.1162,0.0000,13550.0000
832.1162,0.0000,13600.0000
832.1162,0.0000,13650.0000
832.1161,0.0000,13700.0000
832.1159,0.0000,13750.0000
832.1159,0.0000,13800.0000
832.1159,0.0000,13850.0000
832.1159,0.0000,13900.0000
832.1157,0.0000,13950.0000
832.1157,0.0000,14000.0000
832.1156,0.0000,14050.0000
832.1154,0.0000,14100.0000
832.1153,0.0000,14150.0000
832.1153,0.0000,14200.0000
832.1150,0.0000,14250.0000
832.1148,0.0000,14300.0000
832.1148,0.0000,14350.0000
832.1146,0.0000,14400.0000
832.1145,0.0000,14450.0000
832.1142,0.0000,14500.0000
832.1139,0.0000,14550.0000
832.1139,0.0000,14600.0000
832.1138,0.0000,14650.0000
832.1138,0.0000,14700.0000
832.1138,0.0000,14750.0000
832.1137,0.0000,14800.0000
832.1136,0.0000,14850.0000
832.1135,0.0000,14900.0000
832.1134,0.0000,14950.0000
832.1132,0.0000,15000.0000
832.1131,0.0000,15050.0000
832.1128,0.0000,15100.0000
832.1128,0.0000,15150.0000
832.1128,0.0000,15200.0000
832.1127,0.0000,15250.0000
832.1127,0.0000,15300.0000
832.1127,0.0000,15350.0000
832.1126,0.0000,15400.0000
832.1126,0.0000,15450.0000
832.1125,0.0000,15500.0000
832.1123,0.0000,15550.0000
832.1123,0.0000,15600.0000
832.1123,0.0000,15650.0000
832.1122,0.0000,15700.0000
832.1121,0.0000,15750.0000
832.1119,0.0000,15800.0000
832.1119,0.0000,15850.0000
832.1118,0.0000,15900.0000
832.1118,0.0000,15950.0000
832.1118,0.0000,16000.0000
832.1118,0.0000,16050.0000
832.1118,0.0000,16100.0000
832.1117,0.0000,16150.0000
832.1117,0.0000,16200.0000
832.1116,0.0000,16250.0000
832.1116,0.0000,16300.0000
832.1116,0.0000,16350.0000
832.1116,0.0000,16400.0000
832.1115,0.0000,16450.0000
832.1114,0.0000,16500.0000
832.1114,0.0000,16550.0000
832.1113,0.0000,16600.0000
832.1111,0.0000,16650.0000
832.1110,0.0000,16700.0000
832.1110,0.0000,16750.0000
832.1108,0.0000,16800.0000
832.1107,0.0000,16850.0000
832.1105,0.0000,16900.0000
832.1105,0.0000,16950.0000
832.1104,0.0000,17000.0000
832.1103,0.0000,17050.0000
832.1103,0.0000,17100.0000
832.1102,0.0000,17150.0000
832.1101,0.0000,17200.0000
832.1100,0.0000,17250.0000
832.1100,0.0000,17300.0000
832.1098,0.0000,17350.0000
832.1098,0.0000,17400.0000
832.1098,0.0000,17450.0000
832.1096,0.0000,17500.0000
832.1093,0.0000,17550.0000
832.1093,0.0000,17600.0000
832.1091,0.0000,17650.0000
832.1091,0.0000,17700.0000
832.1090,0.0000,17750.0000
832.1089,0.0000,17800.0000
832.1089,0.0000,17850.0000
832.1088,0.0000,17900.0000
832.1088,0.0000,17950.0000
832.1087,0.0000,18000.0000
832.1087,0.0000,18050.0000
832.1085,0.0000,18100.0000
832.1085,0.0000,18150.0000
832.1084,0.0000,18200.0000
832.1084,0.0000,18250.0000
832.1083,0.0000,18300.0000
832.1082,0.0000,18350.0000
832.1082,0.0000,18400.0000
832.1082,0.0000,18450.0000
832.1081,0.0000,18500.0000
832.1080,0.0000,18550.0000
832.1080,0.0000,18600.0000
832.1078,0.0000,18650.0000
832.1077,0.0000,18700.0000
832.1077,0.0000,18750.0000
832.1076,0.0000,18800.0000
832.1076,0.0000,18850.0000
832.1075,0.0000,18900.0000
832.1075,0.0000,18950.0000
832.1075,0.0000,19000.0000
832.1074,0.0000,19050.0000
832.1074,0.0000,19100.0000
832.1074,0.0000,19150.0000
832.1074,0.0000,19200.0000
832.1074,0.0000,19250.0000
832.1074,0.0000,19300.0000
832.1074,0.0000,19350.0000
832.1073,0.0000,19400.0000
832.1073,0.0000,19450.0000
832.1073,0.0000,19500.0000
832.1073,0.0000,19550.0000
832.1072,0.0000,19600.0000
832.1072,0.0000,19650.0000
832.1072,0.0000,19700.0000
832.1071,0.0000,19750.0000
832.1071,0.0000,19800.0000
832.1070,0.0000,19850.0000
832.1069,0.0000,19900.0000
832.1069,0.0000,19950.0000
832.1068,0.0000,20000.0000
832.1067,0.0000,20050.0000
832.1066,0.0000,20100.0000
832.1064,0.0000,20150.0000
832.1062,0.0000,20200.0000
832.1057,0.0000,20250.0000
832.1057,0.0000,20300.0000
832.1053,0.0000,20350.0000
832.1050,0.0000,20400.0000
832.1043,0.0000,20450.0000
832.1041,0.0000,20500.0000
832.1038,0.0000,20550.0000
832.1038,0.0000,20600.0000
832.1036,0.0000,20650.0000
832.1036,0.0000,20700.0000
832.1035,0.0000,20750.0000
832.1034,0.0000,20800.0000
832.1033,0.0000,20850.0000
832.1031,0.0000,20900.0000
832.1029,0.0000,20950.0000
832.1028,0.0000,21000.0000
832.1023,0.0000,21050.0000
832.1023,0.0000,21100.0000
832.1019,0.0000,21150.0000
832.1012,0.0000,21200.0000
832.1012,0.0000,21250.0000
832.1005,0.0000,21300.0000
832.1001,0.0000,21350.0000
832.1000,0.0000,21400.0000
832.0993,0.0000,21450.0000
832.0990,0.0000,21500.0000
832.0990,0.0000,21550.0000
832.0984,0.0000,21600.0000
832.0978,0.0000,21650.0000
832.0978,0.0000,21700.0000
832.0972,0.0000,21750.0000
832.0962,0.0000,21800.0000
832.0958,0.0000,21850.0000
832.0947,0.0000,21900.0000
832.0940,0.0000,21950.0000
832.0938,0.0000,22000.0000
832.0919,0.0000,22050.0000
832.0918,0.0000,22100.0000
832.0912,0.0000,22150.0000
832.0912,0.0000,22200.0000
832.0912,0.0000,22250.0000
832.0907,0.0000,22300.0000
832.0903,0.0000,22350.0000
832.0895,0.0000,22400.0000
832.0884,0.0000,22450.0000
832.0880,0.0000,22500.0000
832.0876,0.0000,22550.0000
832.0874,0.0000,22600.0000
832.0861,0.0000,22650.0000
832.0861,0.0000,22700.0000
832.0860,0.0000,22750.0000
832.0856,0.0000,22800.0000
832.0851,0.0000,22850.0000
832.0831,0.0000,22900.0000
832.0831,0.0000,22950.0000
832.0831,0.0000,23000.0000
832.0824,0.0000,23050.0000
832.0822,0.0000,23100.0000
832.0818,0.0000,23150.0000
832.0818,0.0000,23200.0000
832.0817,0.0000,23250.0000
832.0817,0.0000,23300.0000
832.0813,0.0000,23350.0000
832.0813,0.0000,23400.0000
832.0813,0.0000,23450.0000
832.0813,0.0000,23500.0000
832.0812,0.0000,23550.0000
832.0811,0.0000,23600.0000
832.0806,0.0000,23650.0000
832.0803,0.0000,23700.0000
832.0801,0.0000,23750.0000
832.0800,0.0000,23800.0000
832.0798,0.0000,23850.0000
832.0795,0.0000,23900.0000
832.0795,0.0000,23950.0000
832.0795,0.0000,24000.0000
832.0795,0.0000,24050.0000
832.0795,0.0000,24100.0000
832.0793,0.0000,24150.0000
832.0792,0.0000,24200.0000
832.0790,0.0000,24250.0000
832.0788,0.0000,24300.0000
832.0786,0.0000,24350.0000
832.0786,0.0000,24400.0000
832.0784,0.0000,24450.0000
832.0783,0.0000,24500.0000
832.0781,0.0000,24550.0000
832.0781,0.0000,24600.0000
832.0779,0.0000,24650.0000
832.0779,0.0000,24700.0000
832.0778,0.0000,24750.0000
832.0776,0.0000,24800.0000
832.0775,0.0000,24850.0000
832.0775,0.0000,24900.0000
832.0775,0.0000,24950.0000
832.0774,0.0000,25000.0000
832.0774,0.0000,25050.0000
832.0773,0.0000,25100.0000
832.0773,0.0000,25150.0000
832.0772,0.0000,25200.0000
832.0772,0.0000,25250.0000
832.0772,0.0000,25300.0000
832.0772,0.0000,25350.0000
832.0772,0.0000,25400.0000
832.0772,0.0000,25450.0000
832.0772,0.0000,25500.0000
832.0771,0.0000,25550.0000
832.0771,0.0000,25600.0000
832.0771,0.0000,25650.0000
832.0770,0.0000,25700.0000
832.0770,0.0000,25750.0000
832.0769,0.0000,25800.0000
832.0769,0.0000,25850.0000
832.0769,0.0000,25900.0000
832.0769,0.0000,25950.0000
832.0768,0.0000,26000.0000
832.0768,0.0000,26050.0000
832.0768,0.0000,26100.0000
832.0768,0.0000,26150.0000
832.0768,0.0000,26200.0000
832.0768,0.0000,26250.0000
832.0768,0.0000,26300.0000
832.0767,0.0000,26350.0000
832.0767,0.0000,26400.0000
832.0767,0.0000,26450.0000
832.0767,0.0000,26500.0000
832.0767,0.0000,26550.0000
832.0767,0.0000,26600.0000
832.0767,0.0000,26650.0000
832.0767,0.0000,26700.0000
832.0767,0.0000,26750.0000
832.0766,0.0000,26800.0000
832.0766,0.0000,26850.0000
832.0766,0.0000,26900.0000
832.0766,0.0000,26950.0000
832.0766,0.0000,27000.0000
832.0766,0.0000,27050.0000
832.0766,0.0000,27100.0000
832.0766,0.0000,27150.0000
832.0766,0.0000,27200.0000
832.0766,0.0000,27250.0000
832.0765,0.0000,27300.0000
832.0765,0.0000,27350.0000
832.0765,0.0000,27400.0000
832.0765,0.0000,27450.0000
832.0765,0.0000,27500.0000
832.0765,0.0000,27550.0000
832.0765,0.0000,27600.0000
832.0765,0.0000,27650.0000
832.0765,0.0000,27700.0000
832.0765,0.0000,27750.0000
832.0765,0.0000,27800.0000
832.0765,0.0000,27850.0000
832.0765,0.0000,27900.0000
832.0764,0.0000,27950.0000
832.0764,0.0000,28000.0000
832.0764,0.0000,28050.0000
832.0764,0.0000,28100.0000
832.0764,0.0000,28150.0000
832.0764,0.0000,28200.0000
832.0764,0.0000,28250.0000
832.0764,0.0000,28300.0000
832.0764,0.0000,28350.0000
832.0764,0.0000,28400.0000
832.0764,0.0000,28450.0000
832.0764,0.0000,28500.0000
832.0764,0.0000,28550.0000
832.0764,0.0000,28600.0000
832.0764,0.0000,28650.0000
832.0764,0.0000,28700.0000
832.0764,0.0000,28750.0000
832.0764,0.0000,28800.0000
832.0764,0.0000,28850.0000
832.0764,0.0000,28900.0000
832.0764,0.0000,28950.0000
832.0764,0.0000,29000.0000
832.0764,0.0000,29050.0000
832.0764,0.0000,29100.0000
832.0764,0.0000,29150.0000
832.0764,0.0000,29200.0000
832.0764,0.0000,29250.0000
832.0764,0.0000,29300.0000
832.0764,0.0000,29350.0000
832.0764,0.0000,29400.0000
832.0764,0.0000,29450.0000
832.0764,0.0000,29500.0000
832.0764,0.0000,29550.0000
832.0764,0.0000,29600.0000
832.0764,0.0000,29650.0000
832.0764,0.0000,29700.0000
832.0764,0.0000,29750.0000
832.0764,0.0000,29800.0000
832.0764,0.0000,29850.0000
832.0764,0.0000,29900.0000
832.0763,0.0000,29950.0000
832.0763,0.0000,30000.0000
832.0763,0.0000,30050.0000
