861.8748,0.0009,100.0000
858.9026,0.0000,150.0000
858.9026,0.0000,200.0000
857.3830,0.0000,250.0000
854.6700,0.0000,300.0000
854.6700,0.0000,350.0000
847.4236,0.0000,400.0000
847.4236,0.0000,450.0000
847.4236,0.0000,500.0000
844.5500,0.0000,550.0000
844.0882,0.0000,600.0000
842.5266,0.0000,650.0000
842.2488,0.0000,700.0000
842.2488,0.0000,750.0000
842.2488,0.0000,800.0000
840.8333,0.0000,850.0000
840.1913,0.0000,900.0000
840.0435,0.0000,950.0000
840.0435,0.0000,1000.0000
838.4603,0.0000,1050.0000
837.9596,0.0000,1100.0000
837.8578,0.0000,1150.0000
837.5257,0.0000,1200.0000
836.9746,0.0000,1250.0000
836.7653,0.0000,1300.0000
836.7653,0.0000,1350.0000
836.5036,0.0000,1400.0000
836.1585,0.0000,1450.0000
835.5134,0.0000,1500.0000
835.5134,0.0000,1550.0000
834.5392,0.0000,1600.0000
834.2898,0.0000,1650.0000
834.2898,0.0000,1700.0000
834.2332,0.0000,1750.0000
834.0813,0.0000,1800.0000
834.0813,0.0000,1850.0000
833.8652,0.0000,1900.0000
833.8175,0.0000,1950.0000
833.8034,0.0000,2000.0000
833.6520,0.0000,2050.0000
833.6520,0.0000,2100.0000
833.5543,0.0000,2150.0000
833.3408,0.0000,2200.0000
833.3408,0.0000,2250.0000
833.3408,0.0000,2300.0000
833.3408,0.0000,2350.0000
833.2400,0.0000,2400.0000
833.1904,0.0000,2450.0000
833.0800,0.0000,2500.0000
832.9782,0.0000,2550.0000
832.9105,0.0000,2600.0000
832.9002,0.0000,2650.0000
832.8913,0.0000,2700.0000
832.8526,0.0000,2750.0000
832.8332,0.0000,2800.0000
832.7972,0.0000,2850.0000
832.6429,0.0000,2900.0000
832.6429,0.0000,2950.0000
832.6429,0.0000,3000.0000
832.6422,0.0000,3050.0000
832.6175,0.0000,3100.0000
832.6175,0.0000,3150.0000
832.6175,0.0000,3200.0000
832.6171,0.0000,3250.0000
832.6130,0.0000,3300.0000
832.6130,0.0000,3350.0000
832.5839,0.0000,3400.0000
832.5839,0.0000,3450.0000
832.5827,0.0000,3500.0000
832.5760,0.0000,3550.0000
832.5477,0.0000,3600.0000
832.5333,0.0000,3650.0000
832.5226,0.0000,3700.0000
832.5033,0.0000,3750.0000
832.4901,0.0000,3800.0000
832.4637,0.0000,3850.0000
832.4605,0.0000,3900.0000
832.4401,0.0000,3950.0000
832.4195,0.0000,4000.0000
832.4164,0.0000,4050.0000
832.3928,0.0000,4100.0000
832.3923,0.0000,4150.0000
832.3762,0.0000,4200.0000
832.3762,0.0000,4250.0000
832.3632,0.0000,4300.0000
832.3519,0.0000,4350.0000
832.3454,0.0000,4400.0000
832.3454,0.0000,4450.0000
832.3373,0.0000,4500.0000
832.3373,0.0000,4550.0000
832.3330,0.0000,4600.0000
832.3330,0.0000,4650.0000
832.3330,0.0000,4700.0000
832.3326,0.0000,4750.0000
832.3258,0.0000,4800.0000
832.3258,0.0000,4850.0000
832.3258,0.0000,4900.0000
832.3229,0.0000,4950.0000
832.3210,0.0000,5000.0000
832.3209,0.0000,5050.0000
832.3193,0.0000,5100.0000
832.3153,0.0000,5150.0000
832.3108,0.0000,5200.0000
832.3097,0.0000,5250.0000
832.3075,0.0000,5300.0000
832.3075,0.0000,5350.0000
832.3069,0.0000,5400.0000
832.3050,0.0000,5450.0000
832.3050,0.0000,5500.0000
832.3050,0.0000,5550.0000
832.3034,0.0000,5600.0000
832.3034,0.0000,5650.0000
832.3006,0.0000,5700.0000
832.3006,0.0000,5750.0000
832.3006,0.0000,5800.0000
832.2988,0.0000,5850.0000
832.2982,0.0000,5900.0000
832.2963,0.0000,5950.0000
832.2945,0.0000,6000.0000
832.2938,0.0000,6050.0000
832.2921,0.0000,6100.0000
832.2905,0.0000,6150.0000
832.2898,0.0000,6200.0000
832.2893,0.0000,6250.0000
832.2873,0.0000,6300.0000
832.2867,0.0000,6350.0000
832.2856,0.0000,6400.0000
832.2846,0.0000,6450.0000
832.2831,0.0000,6500.0000
832.2820,0.0000,6550.0000
832.2783,0.0000,6600.0000
832.2783,0.0000,6650.0000
832.2773,0.0000,6700.0000
832.2740,0.0000,6750.0000
832.2740,0.0000,6800.0000
832.2722,0.0000,6850.0000
832.2708,0.0000,6900.0000
832.2708,0.0000,6950.0000
832.2704,0.0000,7000.0000
832.2683,0.0000,7050.0000
832.2683,0.0000,7100.0000
832.2683,0.0000,7150.0000
832.2683,0.0000,7200.0000
832.2677,0.0000,7250.0000
832.2674,0.0000,7300.0000
832.2657,0.0000,7350.0000
832.2645,0.0000,7400.0000
832.2636,0.0000,7450.0000
832.2630,0.0000,7500.0000
832.2616,0.0000,7550.0000
832.2611,0.0000,7600.0000
832.2601,0.0000,7650.0000
832.2591,0.0000,7700.0000
832.2575,0.0000,7750.0000
832.2573,0.0000,7800.0000
832.2564,0.0000,7850.0000
832.2550,0.0000,7900.0000
832.2548,0.0000,7950.0000
832.2525,0.0000,8000.0000
832.2520,0.0000,8050.0000
832.2456,0.0000,8100.0000
832.2456,0.0000,8150.0000
832.2420,0.0000,8200.0000
832.2386,0.0000,8250.0000
832.2358,0.0000,8300.0000
832.2345,0.0000,8350.0000
832.2345,0.0000,8400.0000
832.2345,0.0000,8450.0000
832.2336,0.0000,8500.0000
832.2332,0.0000,8550.0000
832.2332,0.0000,8600.0000
832.2332,0.0000,8650.0000
832.2331,0.0000,8700.0000
832.2325,0.0000,8750.0000
832.2325,0.0000,8800.0000
832.2325,0.0000,8850.0000
832.2323,0.0000,8900.0000
832.2320,0.0000,8950.0000
832.2320,0.0000,9000.0000
832.2320,0.0000,9050.0000
832.2313,0.0000,9100.0000
832.2310,0.0000,9150.0000
832.2308,0.0000,9200.0000
832.2306,0.0000,9250.0000
832.2304,0.0000,9300.0000
832.2300,0.0000,9350.0000
832.2300,0.0000,9400.0000
832.2298,0.0000,9450.0000
832.2297,0.0000,9500.0000
832.2293,0.0000,9550.0000
832.2289,0.0000,9600.0000
832.2289,0.0000,9650.0000
832.2288,0.0000,9700.0000
832.2286,0.0000,9750.0000
832.2281,0.0000,9800.0000
832.2281,0.0000,9850.0000
832.2274,0.0000,9900.0000
832.2274,0.0000,9950.0000
832.2269,0.0000,10000.0000
832.2268,0.0000,10050.0000
832.2263,0.0000,10100.0000
832.2259,0.0000,10150.0000
832.2259,0.0000,10200.0000
832.2256,0.0000,10250.0000
832.2254,0.0000,10300.0000
832.2253,0.0000,10350.0000
832.2253,0.0000,10400.0000
832.2251,0.0000,10450.0000
832.2245,0.0000,10500.0000
832.2245,0.0000,10550.0000
832.2243,0.0000,10600.0000
832.2242,0.0000,10650.0000
832.2240,0.0000,10700.0000
832.2236,0.0000,10750.0000
832.2233,0.0000,10800.0000
832.2228,0.0000,10850.0000
832.2225,0.0000,10900.0000
832.2222,0.0000,10950.0000
832.2217,0.0000,11000.0000
832.2216,0.0000,11050.0000
832.2212,0.0000,11100.0000
832.2206,0.0000,11150.0000
832.2206,0.0000,11200.0000
832.2201,0.0000,11250.0000
832.2201,0.0000,11300.0000
832.2195,0.0000,11350.0000
832.2195,0.0000,11400.0000
832.2194,0.0000,11450.0000
832.2188,0.0000,11500.0000
832.2185,0.0000,11550.0000
832.2183,0.0000,11600.0000
832.2182,0.0000,11650.0000
832.2182,0.0000,11700.0000
832.2179,0.0000,11750.0000
832.2179,0.0000,11800.0000
832.2177,0.0000,11850.0000
832.2176,0.0000,11900.0000
832.2173,0.0000,11950.0000
832.2170,0.0000,12000.0000
832.2170,0.0000,12050.0000
832.2166,0.0000,12100.0000
832.2164,0.0000,12150.0000
832.2161,0.0000,12200.0000
832.2157,0.0000,12250.0000
832.2151,0.0000,12300.0000
832.2151,0.0000,12350.0000
832.2151,0.0000,12400.0000
832.2149,0.0000,12450.0000
832.2146,0.0000,12500.0000
832.2143,0.0000,12550.0000
832.2141,0.0000,12600.0000
832.2138,0.0000,12650.0000
832.2134,0.0000,12700.0000
832.2134,0.0000,12750.0000
832.2134,0.0000,12800.0000
832.2131,0.0000,12850.0000
832.2131,0.0000,12900.0000
832.2128,0.0000,12950.0000
832.2123,0.0000,13000.0000
832.2115,0.0000,13050.0000
832.2106,0.0000,13100.0000
832.2092,0.0000,13150.0000
832.2083,0.0000,13200.0000
832.2065,0.0000,13250.0000
832.2055,0.0000,13300.0000
832.2055,0.0000,13350.0000
832.2050,0.0000,13400.0000
832.2045,0.0000,13450.0000
832.2045,0.0000,13500.0000
832.2043,0.0000,13550.0000
832.2034,0.0000,13600.0000
832.2034,0.0000,13650.0000
832.2034,0.0000,13700.0000
832.2034,0.0000,13750.0000
832.2032,0.0000,13800.0000
832.2026,0.0000,13850.0000
832.2026,0.0000,13900.0000
832.2025,0.0000,13950.0000
832.2023,0.0000,14000.0000
832.2023,0.0000,14050.0000
832.2023,0.0000,14100.0000
832.2023,0.0000,14150.0000
832.2020,0.0000,14200.0000
832.2019,0.0000,14250.0000
832.2017,0.0000,14300.0000
832.2014,0.0000,14350.0000
832.2011,0.0000,14400.0000
832.2008,0.0000,14450.0000
832.2006,0.0000,14500.0000
832.2004,0.0000,14550.0000
832.2000,0.0000,14600.0000
832.1990,0.0000,14650.0000
832.1984,0.0000,14700.0000
832.1967,0.0000,14750.0000
832.1948,0.0000,14800.0000
832.1938,0.0000,14850.0000
832.1924,0.0000,14900.0000
832.1915,0.0000,14950.0000
832.1915,0.0000,15000.0000
832.1913,0.0000,15050.0000
832.1910,0.0000,15100.0000
832.1886,0.0000,15150.0000
832.1871,0.0000,15200.0000
832.1852,0.0000,15250.0000
832.1831,0.0000,15300.0000
832.1831,0.0000,15350.0000
832.1814,0.0000,15400.0000
832.1792,0.0000,15450.0000
832.1773,0.0000,15500.0000
832.1758,0.0000,15550.0000
832.1755,0.0000,15600.0000
832.1745,0.0000,15650.0000
832.1733,0.0000,15700.0000
832.1710,0.0000,15750.0000
832.1696,0.0000,15800.0000
832.1684,0.0000,15850.0000
832.1669,0.0000,15900.0000
832.1653,0.0000,15950.0000
832.1646,0.0000,16000.0000
832.1639,0.0000,16050.0000
832.1627,0.0000,16100.0000
832.1627,0.0000,16150.0000
832.1621,0.0000,16200.0000
832.1610,0.0000,16250.0000
832.1602,0.0000,16300.0000
832.1597,0.0000,16350.0000
832.1580,0.0000,16400.0000
832.1580,0.0000,16450.0000
832.1565,0.0000,16500.0000
832.1549,0.0000,16550.0000
832.1545,0.0000,16600.0000
832.1532,0.0000,16650.0000
832.1512,0.0000,16700.0000
832.1509,0.0000,16750.0000
832.1507,0.0000,16800.0000
832.1492,0.0000,16850.0000
832.1483,0.0000,16900.0000
832.1480,0.0000,16950.0000
832.1473,0.0000,17000.0000
832.1473,0.0000,17050.0000
832.1473,0.0000,17100.0000
832.1466,0.0000,17150.0000
832.1462,0.0000,17200.0000
832.1453,0.0000,17250.0000
832.1449,0.0000,17300.0000
832.1449,0.0000,17350.0000
832.1445,0.0000,17400.0000
832.1438,0.0000,17450.0000
832.1438,0.0000,17500.0000
832.1436,0.0000,17550.0000
832.1435,0.0000,17600.0000
832.1434,0.0000,17650.0000
832.1429,0.0000,17700.0000
832.1428,0.0000,17750.0000
832.1423,0.0000,17800.0000
832.1421,0.0000,17850.0000
832.1419,0.0000,17900.0000
832.1414,0.0000,17950.0000
832.1414,0.0000,18000.0000
832.1409,0.0000,18050.0000
832.1407,0.0000,18100.0000
832.1401,0.0000,18150.0000
832.1399,0.0000,18200.0000
832.1397,0.0000,18250.0000
832.1397,0.0000,18300.0000
832.1396,0.0000,18350.0000
832.1391,0.0000,18400.0000
832.1388,0.0000,18450.0000
832.1376,0.0000,18500.0000
832.1371,0.0000,18550.0000
832.1357,0.0000,18600.0000
832.1351,0.0000,18650.0000
832.1336,0.0000,18700.0000
832.1323,0.0000,18750.0000
832.1318,0.0000,18800.0000
832.1314,0.0000,18850.0000
832.1309,0.0000,18900.0000
832.1303,0.0000,18950.0000
832.1302,0.0000,19000.0000
832.1293,0.0000,19050.0000
832.1284,0.0000,19100.0000
832.1279,0.0000,19150.0000
832.1262,0.0000,19200.0000
832.1259,0.0000,19250.0000
832.1249,0.0000,19300.0000
832.1249,0.0000,19350.0000
832.1245,0.0000,19400.0000
832.1240,0.0000,19450.0000
832.1240,0.0000,19500.0000
832.1238,0.0000,19550.0000
832.1235,0.0000,19600.0000
832.1232,0.0000,19650.0000
832.1232,0.0000,19700.0000
832.1225,0.0000,19750.0000
832.1225,0.0000,19800.0000
832.1220,0.0000,19850.0000
832.1217,0.0000,19900.0000
832.1211,0.0000,19950.0000
832.1207,0.0000,20000.0000
832.1199,0.0000,20050.0000
832.1199,0.0000,20100.0000
832.1199,0.0000,20150.0000
832.1197,0.0000,20200.0000
832.1194,0.0000,20250.0000
832.1193,0.0000,20300.0000
832.1190,0.0000,20350.0000
832.1190,0.0000,20400.0000
832.1188,0.0000,20450.0000
832.1188,0.0000,20500.0000
832.1183,0.0000,20550.0000
832.1182,0.0000,20600.0000
832.1181,0.0000,20650.0000
832.1181,0.0000,20700.0000
832.1180,0.0000,20750.0000
832.1180,0.0000,20800.0000
832.1180,0.0000,20850.0000
832.1179,0.0000,20900.0000
832.1179,0.0000,20950.0000
832.1178,0.0000,21000.0000
832.1176,0.0000,21050.0000
832.1175,0.0000,21100.0000
832.1175,0.0000,21150.0000
832.1175,0.0000,21200.0000
832.1173,0.0000,21250.0000
832.1172,0.0000,21300.0000
832.1169,0.0000,21350.0000
832.1169,0.0000,21400.0000
832.1169,0.0000,21450.0000
832.1168,0.0000,21500.0000
832.1166,0.0000,21550.0000
832.1163,0.0000,21600.0000
832.1163,0.0000,21650.0000
832.1161,0.0000,21700.0000
832.1160,0.0000,21750.0000
832.1159,0.0000,21800.0000
832.1158,0.0000,21850.0000
832.1157,0.0000,21900.0000
832.1156,0.0000,21950.0000
832.1155,0.0000,22000.0000
832.1153,0.0000,22050.0000
832.1152,0.0000,22100.0000
832.1150,0.0000,22150.0000
832.1150,0.0000,22200.0000
832.1149,0.0000,22250.0000
832.1149,0.0000,22300.0000
832.1147,0.0000,22350.0000
832.1146,0.0000,22400.0000
832.1145,0.0000,22450.0000
832.1145,0.0000,22500.0000
832.1142,0.0000,22550.0000
832.1140,0.0000,22600.0000
832.1139,0.0000,22650.0000
832.1136,0.0000,22700.0000
832.1136,0.0000,22750.0000
832.1132,0.0000,22800.0000
832.1130,0.0000,22850.0000
832.1123,0.0000,22900.0000
832.1122,0.0000,22950.0000
832.1122,0.0000,23000.0000
832.1120,0.0000,23050.0000
832.1120,0.0000,23100.0000
832.1119,0.0000,23150.0000
832.1119,0.0000,23200.0000
832.1117,0.0000,23250.0000
832.1117,0.0000,23300.0000
832.1116,0.0000,23350.0000
832.1115,0.0000,23400.0000
832.1114,0.0000,23450.0000
832.1114,0.0000,23500.0000
832.1112,0.0000,23550.0000
832.1112,0.0000,23600.0000
832.1112,0.0000,23650.0000
832.1110,0.0000,23700.0000
832.1108,0.0000,23750.0000
832.1106,0.0000,23800.0000
832.1106,0.0000,23850.0000
832.1103,0.0000,23900.0000
832.1102,0.0000,23950.0000
832.1099,0.0000,24000.0000
832.1098,0.0000,24050.0000
832.1096,0.0000,24100.0000
832.1095,0.0000,24150.0000
832.1093,0.0000,24200.0000
832.1091,0.0000,24250.0000
832.1089,0.0000,24300.0000
832.1087,0.0000,24350.0000
832.1084,0.0000,24400.0000
832.1082,0.0000,24450.0000
832.1079,0.0000,24500.0000
832.1074,0.0000,24550.0000
832.1071,0.0000,24600.0000
832.1064,0.0000,24650.0000
832.1062,0.0000,24700.0000
832.1054,0.0000,24750.0000
832.1053,0.0000,24800.0000
832.1049,0.0000,24850.0000
832.1040,0.0000,24900.0000
832.1040,0.0000,24950.0000
832.1034,0.0000,25000.0000
832.1033,0.0000,25050.0000
832.1027,0.0000,25100.0000
832.1027,0.0000,25150.0000
832.1023,0.0000,25200.0000
832.1020,0.0000,25250.0000
832.1019,0.0000,25300.0000
832.1016,0.0000,25350.0000
832.1016,0.0000,25400.0000
832.1015,0.0000,25450.0000
832.1012,0.0000,25500.0000
832.1012,0.0000,25550.0000
832.1009,0.0000,25600.0000
832.1006,0.0000,25650.0000
832.1004,0.0000,25700.0000
832.1000,0.0000,25750.0000
832.0996,0.0000,25800.0000
832.0994,0.0000,25850.0000
832.0993,0.0000,25900.0000
832.0990,0.0000,25950.0000
832.0987,0.0000,26000.0000
832.0983,0.0000,26050.0000
832.0983,0.0000,26100.0000
832.0979,0.0000,26150.0000
832.0974,0.0000,26200.0000
832.0974,0.0000,26250.0000
832.0974,0.0000,26300.0000
832.0972,0.0000,26350.0000
832.0971,0.0000,26400.0000
832.0969,0.0000,26450.0000
832.0965,0.0000,26500.0000
832.0964,0.0000,26550.0000
832.0959,0.0000,26600.0000
832.0958,0.0000,26650.0000
832.0954,0.0000,26700.0000
832.0954,0.0000,26750.0000
832.0949,0.0000,26800.0000
832.0948,0.0000,26850.0000
832.0947,0.0000,26900.0000
832.0946,0.0000,26950.0000
832.0946,0.0000,27000.0000
832.0944,0.0000,27050.0000
832.0943,0.0000,27100.0000
832.0943,0.0000,27150.0000
832.0942,0.0000,27200.0000
832.0942,0.0000,27250.0000
832.0940,0.0000,27300.0000
832.0940,0.0000,27350.0000
832.0939,0.0000,27400.0000
832.0938,0.0000,27450.0000
832.0937,0.0000,27500.0000
832.0936,0.0000,27550.0000
832.0932,0.0000,27600.0000
832.0932,0.0000,27650.0000
832.0932,0.0000,27700.0000
832.0927,0.0000,27750.0000
832.0927,0.0000,27800.0000
832.0926,0.0000,27850.0000
832.0922,0.0000,27900.0000
832.0919,0.0000,27950.0000
832.0918,0.0000,28000.0000
832.0913,0.0000,28050.0000
832.0913,0.0000,28100.0000
832.0908,0.0000,28150.0000
832.0904,0.0000,28200.0000
832.0901,0.0000,28250.0000
832.0899,0.0000,28300.0000
832.0896,0.0000,28350.0000
832.0896,0.0000,28400.0000
832.0893,0.0000,28450.0000
832.0892,0.0000,28500.0000
832.0888,0.0000,28550.0000
832.0888,0.0000,28600.0000
832.0888,0.0000,28650.0000
832.0888,0.0000,28700.0000
832.0885,0.0000,28750.0000
832.0884,0.0000,28800.0000
832.0880,0.0000,28850.0000
832.0880,0.0000,28900.0000
832.0879,0.0000,28950.0000
832.0877,0.0000,29000.0000
832.0877,0.0000,29050.0000
832.0877,0.0000,29100.0000
832.0875,0.0000,29150.0000
832.0874,0.0000,29200.0000
832.0874,0.0000,29250.0000
832.0873,0.0000,29300.0000
832.0872,0.0000,29350.0000
832.0872,0.0000,29400.0000
832.0871,0.0000,29450.0000
832.0871,0.0000,29500.0000
832.0871,0.0000,29550.0000
832.0870,0.0000,29600.0000
832.0869,0.0000,29650.0000
832.0869,0.0000,29700.0000
832.0869,0.0000,29750.0000
832.0869,0.0000,29800.0000
832.0869,0.0000,29850.0000
832.0869,0.0000,29900.0000
832.0869,0.0000,29950.0000
832.0869,0.0000,30000.0000
832.0869,0.0000,30050.0000
